Krycklan
ForestOnTill,Mire,Lake,ForestOnSediment
ForestOnTill,Mire,Lake,ForestOnSediment
0.01	0.01	0.01	0.01	
0.001	0.001	0.001	0.001	
0.1	0.1	0.1	0.1	
0.1	0.1	0.1	0.1	
0	0	0	0	
0.1	0.1	0.1	0.1	
1	1	1	1	
1000	1000	1000	1000	
1	1	1	1	
400	400	400	400	
1/1/2008
2192
0	0	0	0.04	
0	0	0	0	
0.01	0.08	0.001	0.01	
70	300	140	140	
0	0	0	7	
0	0	0	0	
0	0	0	0	
0.2	0.2	0.2	0.2	
0	0	0	5.3	
0.02	0.02	0.002	0.002	
1	1	1	1	
365	365	365	365	
1	0	0	120	
365	0	0	10	
125	100	100	100	
4.5	4.5	4.5	4.5	
0	0	0	0	
0	0	0	0	
0	0	0	0	
0	0	0	0	
9999	9999	9999	9999	
9999	9999	9999	9999	
2	2	2	2	
30	30	30	30	
0	0	0	0	
2.5	2.5	2.5	2.5	
0.3	0.3	0.3	0.3	
-0.025	-0.025	-0.025	-0.025	
0.7	0.7	0.7	0.7	
6.6	6.6	6.6	6.6	
0.66	0.66	0.66	0.66	
0.34	0.34	0.34	0.34	
2	2	2	2	
30	30	30	30	
2	2	2	2	
30	30	30	30	
2	2	2	2	
30	30	30	30	
2	2	2	2	
30	30	30	30	
2	2	2	2	
30	30	30	30	
2	2	2	2	
30	30	30	30	
0.02	0.02	0.02	0.02	
0.4	0.4	0.4	0.4	
3500	2000	325	325	
0.01	0.01	0.01	0.01	
0.5	0.5	0.5	0.5	
1	1	1	1	
1	1	1	1	
0	0	0	0	
0	0	0	0	
-2	-3	-3	5	
50	50	50	35	
0	1	2	5	
0	0	0	0	
9999	9999	9999	9999	
10	10	10	10	
0	0	0	0	
1000	1000	1000	1000	
0	0	0	0	
50	50	50	50	
1	1	1	1	
2	2	2	2	
2	2	2	2	
0.01
1
0.1
1
0
14
C01
C01
0.48
98	2	0	0	
0.2	0	10	0.6	20	0.001	0.01	0.01	0	0	0.1	0	0.7	0.7	-2	-4	0.5	1	
0.3	0.6	1	1.5	
1000	2	0.35	0.02	0.1	
0	0	0	0	0
64	15	0.2	0.2	1	0.001	0.0001	0	0.1	0	
C02
C02
0.12
100	0	0	0	
0.2	0	10	0.6	20	0.001	0.01	0.01	0	0	0.1	0	0.7	0.7	-2	-3	0.5	1	
0.3	0.6	1	1.5	
1000	2	0.35	0.02	0.1	
0	0	0	0	0
64	15	0.2	0.2	1	0.001	0.0001	0	0.1	0	
C04
C04
0.18
55.9	44.1	0	0	
0.2	0	10	0.6	20	0.001	0.01	0.01	0	0	0.1	0	0.7	0.7	-2	-3	0.5	1	
0.3	0.6	1	1.5	
2500	2	0.35	0.02	0.1	
0	0	0	0	0
64	15	0.2	0.2	1	0.001	0.0001	0	0.1	0	
C05
C05
0.65
57.8	42.2	0	0	
0.2	0	10	0.6	20	0.001	0.01	0.01	0	0	0.1	0	0.7	0.7	-2	-3	0.5	1	
0.3	0.6	1	1.5	
2500	2	0.35	0.02	0.1	
0	0	0	0	0
64	15	0.2	0.2	1	0.001	0.0001	0	0.1	0	
C06
C06
0.45
96.4	3.6	0	0	
0.2	0	10	0.6	20	0.001	0.01	0.01	0	0	0.1	0	0.7	0.7	-2	-3	0.5	1	
0.3	0.6	1	1.5	
2500	2	0.35	0.02	0.1	
0	0	0	0	0
64	15	0.2	0.2	1	0.001	0.0001	0	0.1	0	
C07
C07
0.17
96.93	3.07	0	0	
0.2	0	10	0.6	20	0.001	0.01	0.01	0	0	0.1	0	0.7	0.7	-2	-3	0.5	1	
0.3	0.6	1	1.5	
2500	2	0.35	0.02	0.1	
0	0	0	0	0
64	15	0.2	0.2	1	0.001	0.0001	0	0.1	0	
C09
C09
1.31
88.7	3.7	0	7.6	
0.2	0	10	0.6	20	0.001	0.01	0.01	0	0	0.1	0	0.7	0.7	-2	-3	0.5	1	
0.3	0.6	1	1.5	
2500	2	0.35	0.02	0.1	
0	0	0	0	0
64	15	0.2	0.2	1	0.001	0.0001	0	0.1	0	
C10
C10
3.36
73.53	26.1	0	0.37	
0.2	0	10	0.6	20	0.001	0.01	0.01	0	0	0.1	0	0.7	0.7	-2	-3	0.5	1	
0.3	0.6	1	1.5	
2500	2	0.35	0.02	0.1	
0	0	0	0	0
64	15	0.2	0.2	1	0.001	0.0001	0	0.1	0	
C12
C12
1.6
80.78	3.41	0	15.81	
0.2	0	10	0.6	20	0.001	0.01	0.01	0	0	0.1	0	0.7	0.7	-2	-3	0.5	1	
0.3	0.6	1	1.5	
2500	2	0.35	0.02	0.1	
0	0	0	0	0
64	15	0.2	0.2	1	0.001	0.0001	0	0.1	0	
C13
C13
4.12
69.7	7.7	0	22.6	
0.2	0	10	0.6	20	0.001	0.01	0.01	0	0	0.1	0	0.7	0.7	-2	-3	0.5	1	
0.3	0.6	1	1.5	
8000	2	0.35	0.02	0.1	
0	0	0	0	0
64	15	0.2	0.2	1	0.001	0.0001	0	0.1	0	
C14
C14
12.65
54.5	5	0	40.5	
0.2	0	10	0.6	20	0.001	0.01	0.01	0	0	0.1	0	0.7	0.7	-2	-3	0.5	1	
0.3	0.6	1	1.5	
2500	2	0.35	0.02	0.1	
0	0	0	0	0
64	15	0.2	0.2	1	0.001	0.0001	0	0.1	0	
C15
C15
19.13
77	14.9	0	8.1	
0.2	0	10	0.6	20	0.001	0.01	0.01	0	0	0.1	0	0.7	0.7	-2	-3	0.5	1	
0.3	0.6	1	1.5	
2500	2	0.35	0.02	0.1	
0	0	0	0	0
64	15	0.2	0.2	1	0.001	0.0001	0	0.1	0	
C16
C16
22.23
45.5	3.2	0	51.3	
0.2	0	10	0.6	20	0.001	0.01	0.01	0	0	0.1	0	0.7	0.7	-2	-4	0.5	1	
0.3	0.6	1	1.5	
25000	2	0.35	0.02	0.1	
0	0	0	0	0
64	15	0.2	0.2	1	0.001	0.0001	0	0.1	0	
C20
C20
1.45
68.45	9.6	0	21.95	
0.2	0	10	0.6	20	0.001	0.01	0.01	0	0	0.1	0	0.7	0.7	-2	-3	0.5	1	
0.3	0.6	1	1.5	
2500	2	0.35	0.02	0.1	
0	0	0	0	0
64	15	0.2	0.2	1	0.001	0.0001	0	0.1	0	
