4748	
1	
Simojarvi_05	
0	-4.6
0	-13.2
0.798	-14.1
1.463	-11.4
0.266	-11.6
0	-9.4
6.783	-3.1
0	-4.9
1.064	-11.5
3.724	-10.7
0	-20
0	-25.5
0	-21.8
3.724	-22.2
0.665	-15.5
4.123	-16.2
3.591	-16.4
0.532	-17.3
0	-19.7
0	-20.9
0	-21.2
0.798	-13.8
1.463	-11.7
6.916	-9
4.123	-11.4
0	-17.8
0	-14.8
0	-13.2
7.049	-13.3
1.995	-8.9
4.655	-5.2
14.763	-0.1
1.8972	1.1
5.92875	0.5
0.1581	0.5
4.18965	0.6
0	2.3
8.77455	2
1.34385	0.2
1.596	-2.5
1.729	-5.1
0	-5.1
6.251	-2.4
3.059	-0.7
2.261	-2.5
12.236	-2.9
5.985	-1.9
1.596	-3.7
0	-5.9
13.965	-6.3
7.049	-0.8
0	2
1.596	-0.5
0	2.1
0	2.4
0	-3.8
0.532	-9.4
5.32	-4.9
1.064	-5.8
0	-7.9
0	-11.7
0	-9.3
1.463	-11.8
5.453	-4.1
5.852	-2.7
0	-6.5
4.788	-12.4
0.798	-5.5
0	-11.6
0	-9.3
0	-13.6
0	-11.6
1.596	-10.1
4.655	-0.4
0	1.4
0	-0.5
0.23715	1.6
9.72315	2
4.4268	0.1
9.31	-3.6
0.532	-0.1
1.463	-0.8
0	-2.5
0	-2.4
0	-5.7
0	-3.6
0	0.9
1.66005	0.3
0.133	-0.1
0	0.5
0	-4.1
0	-5.4
2.66	-7.1
1.463	-5.1
0	-6.5
0	-8.2
0	-7
2.793	-5.6
2.6877	0.9
0.7905	1.6
0	1.5
0	2.9
0	1.6
0	1.1
0	5.5
2.0553	6.3
0.07905	4
0.4743	3.6
0	4.7
0	4.5
0	5.9
0.1581	6.4
0	4.3
0	4.7
0	6.6
0	9.3
0.1581	8.4
0	3.7
0	4.4
0	7.1
0	4.6
0	8
0.1581	10.7
0	5.4
0	8
0	6.1
0.07905	4
0.7905	0.5
0	1.7
0	4.4
0.07905	3.5
0	3.2
0	6.6
0	8.3
9.6441	6.7
0	4.3
0	3.8
0.07905	2.5
0.07905	3.3
0	5.3
0	5.6
0	6.8
0	7.7
0	9.5
0	9.5
0	10.3
0	6.5
0	6.4
0	9.5
0.07905	10.8
0	7.4
0	7.1
5.2173	9.7
11.8575	9.9
0.07905	7.7
0	7.9
0	11
0	11.9
0.86955	12.4
0	12.6
0	10.2
0.86955	8.7
0	9.7
0	10.2
0	9.2
2.60865	10.7
0.4743	5.7
0	10.7
2.45055	12.9
0	13.9
0	12.4
0	15
0	18.2
0	20
0	20.6
0	21.9
0.7905	16.8
0.7905	14.2
0	14
13.1223	12.2
2.8458	9.9
0	10.3
3.24105	11.9
0.3162	12.3
14.8614	13
0	15.1
5.6916	15.3
0.3162	16.7
1.02765	14.6
7.905	14.9
2.3715	14.2
1.1067	14.4
7.82595	13.6
1.581	13.1
0	12.5
4.34775	10.2
0	16.2
0	14.3
0.7905	15.6
0	19.4
4.2687	18.7
0	17.8
8.8536	16.5
0	18
0	16.4
0	14.4
0	14.5
0	15.3
0	13.1
0	12
0.07905	13.1
0	14.6
0	16.2
0.39525	17.7
1.7391	17.9
0	17
3.9525	15.2
0.7905	13.2
6.324	12.2
3.39915	12
0	13.7
0	13
0.7905	14.3
6.40305	13.6
0.23715	15
2.2134	16.2
3.71535	17.2
0	18.7
0	16.8
2.29245	16.2
18.3396	13.7
6.56115	11.1
0.3162	10.7
1.81815	10.7
2.6877	9.4
3.87345	9.6
1.8972	8.6
0.07905	8.5
0.39525	8.8
0	8.8
0	10.5
0.07905	11.1
0	11.8
0	8.4
0	7
0	7.9
0	8.8
0.3162	8
0.1581	12.6
0	10.2
0	10.5
0	11.7
0.3162	8.6
0	6.2
0.3162	5.1
2.6877	4.5
0	5.8
0.3162	6.9
0	5.9
0	5.1
0	6.8
0	8.5
0	8.9
0	7.1
0	3.9
0	2.4
0	-0.7
0	-0.5
1.581	1
0	2.7
0	2.3
0	1.1
0	2.1
0	0.7
0	1.4
0	0.6
0.1581	2.1
2.29245	1.3
0	1.3
3.0039	1.2
0.9486	0.4
3.4782	0.2
3.87345	4.4
2.8458	1.5
0	-1.5
4.655	-0.4
1.97625	6.8
1.2648	4.1
1.50195	7.8
0	8.6
0	0.8
0	-4.3
0	-3.3
0	-4.3
0	2.6
0	2.7
0	1.4
0.07905	0.3
0.07905	1.1
0.532	0
0.1581	0.8
0	0
0	-0.4
0.133	-0.1
1.197	-0.3
0.4743	1.4
3.99	-0.1
0	-1.9
2.261	-2.7
0	-0.9
1.596	-3.4
0.266	-2
0.798	-4.5
0	-6
0	-12.1
0	-8.3
0	-10
0	-14.2
0	-16.7
8.246	-7.2
5.32	-4.8
2.66	-4.1
0.532	-7.4
0	-19.5
0	-22.4
1.064	-16.2
0	-13.1
0	-19.1
1.729	-13
2.394	-8.5
0	-11.7
10.241	-10.5
2.128	-8.1
0.665	-7.7
0	-5.2
13.433	-4.2
4.389	-2
1.064	-6.2
0.798	-11.5
3.458	-4.7
0	-5.9
0	-14.1
0	-14.7
0.266	-9.2
0.399	-4
8.778	-4.1
0.399	-7.8
0.665	-6.9
0	-0.7
0	-4.3
0	-1.8
3.591	0
3.724	-0.8
7.581	-2.6
1.729	-5.1
2.926	-9.9
8.379	-4.6
3.24105	0.6
1.1067	0.8
5.453	-1
4.921	-3
9.177	-0.5
0.399	-1
0	-2.9
0	-7.6
0.399	-15.4
0	-15.1
4.921	-10.8
4.655	-11.5
1.33	-14.1
11.039	-14.3
5.719	-13.3
1.729	-9.7
0.133	-9.4
0	-11.1
0	-18.3
1.064	-26.2
0	-19.8
0.133	-19
0.133	-8
0	-2.6
0	-9.5
0.133	-6.5
0.798	-3.9
1.862	-0.9
1.995	-4.9
0	-1.4
0.07905	1
0	-4.2
0	0.5
0	-15.4
4.655	-16.7
0	-9.1
1.064	-19.9
1.33	-13.3
0	-10
0	-18.2
0	-11.3
0	-11.7
0	-21.5
0	-25
0	-21.3
0	-18
0	-19.7
0.133	-18.4
0	-18.9
0	-20.9
1.33	-19.4
0	-16.1
1.729	-20.7
2.261	-15.6
0.931	-11
0.931	-13.4
0.133	-14.8
0.266	-19.4
2.261	-22.2
4.655	-7.4
2.261	-2.3
5.8497	0.1
0.266	-0.9
0	-3.7
0	-9.2
0	-5.3
0	-9.8
0	-9.2
0	-10
0.399	-9
0	-7.9
4.123	-9.5
4.123	-7.6
14.497	-2.8
0	-3.6
2.793	-9
3.458	-6
6.517	-3.1
0	-9.3
0	-15.3
0.665	-14.2
0	-11.2
0	-13.2
0	-14.1
3.458	-10.7
2.527	-3.5
3.99	-0.2
5.453	-1.6
0	-5.5
0	-8.1
0	-10.4
0.931	-9.8
0	-2.2
0	-3.3
0	-1.1
0	-0.5
7.448	-0.3
4.655	-4
2.527	-8.3
5.453	-5.7
0.4743	1.7
0	2.6
0	2.1
0.71145	4
0	2.8
0.23715	3.3
1.02765	2.1
0	1.9
0	3.6
0	5.3
0.3162	2.9
0	1.9
9.443	-0.3
0	-0.7
0	-3.7
0.133	-4.7
0	-5.1
0	-4
0	-3.3
0	-2.1
0	0.3
0	1.3
0	1.6
0	3.2
0	5.5
0	5.9
0	4.7
0	4
0.07905	4.7
6.4821	2.3
2.5296	1.7
0	3
0.3162	1.8
0	1
3.71535	2.5
0	0.5
0	0
0.1581	0.6
4.18965	4.2
0	7.5
0	6.9
3.4782	3.8
2.60865	2.1
0.55335	1.7
0.07905	1.2
0	2.1
0	5.2
1.7391	6.3
7.1145	5.4
4.03155	6
0.39525	5.8
1.50195	3.7
1.2648	5
0.7905	5.9
0.39525	7.2
0	9.2
0	6.9
0.39525	7.5
0	7.3
0.86955	6.8
0	6
1.18575	4.7
2.6877	6.3
4.9011	6.9
0.3162	8.9
0.6324	11.8
0.39525	12.4
0.07905	11.3
1.4229	7.2
0.1581	8.5
0	8.2
0.6324	10.2
5.2173	9.7
3.3201	11.9
0.3162	12.2
0	13.9
0	15.9
7.03545	12.9
0	12.6
6.4821	10.4
0	11.4
2.29245	9.9
4.1106	12.8
4.5849	16.4
1.97625	12.9
0.1581	11.1
0	13
7.35165	14
5.5335	15
1.1067	11.9
0	13.1
0	14.3
0	14.4
0	16.5
0	16.2
0	17.6
0	14.4
0	15.8
0	18.5
0.6324	13.4
0.07905	13.4
1.4229	15.5
5.45445	15.4
8.45835	15.8
3.9525	16.5
6.7983	15.2
0	15.6
0	18.2
0.1581	15.3
0	13.4
0.23715	12.5
3.9525	13.9
0	12
0	10.7
0.07905	12.3
0	14.5
0.3162	15.4
0	18.4
0	16.7
0	16
0	16.4
0	16.5
0	15.7
0	19.6
0	17.6
11.5413	16.8
7.1145	14.5
0	13.7
0	12.8
0	11.9
8.6955	12.6
0.23715	12.6
0	10.3
0	11.2
2.8458	11.2
1.1067	14.4
0	14.6
5.3754	14.6
2.5296	14.7
0.1581	11.9
0	11.1
0	12.9
0	14.7
0	16.4
0	15.7
0	14.9
1.8972	14.4
7.7469	14.1
0	12.1
0	12.3
0	8.1
0.07905	10.7
0	14.4
4.66395	9.2
0	8.6
0	4.5
1.50195	3.2
0.23715	5.5
0	7.8
0	6.6
0	4.6
0	3.4
0	3.6
0	4.6
0	4.2
8.6955	8.7
1.02765	9
0	3.5
0	1.4
0.55335	3.8
1.4229	3.6
0	3.9
0	2
10.5137	4.6
2.5296	7.6
2.2134	6.6
0	6.9
21.5807	4.9
4.50585	3.3
1.66005	2.2
10.5137	2.1
0.7905	4.8
1.7391	4.2
0	2.7
7.5888	2.2
0.3162	1.9
6.08685	5.1
0	6
0	5.7
1.1067	6.7
0	3
0.23715	5.2
0.23715	6.4
0.3162	6.5
0.3162	5.6
0	5.3
0.71145	4.5
9.56505	7.1
4.5849	6.9
18.487	-0.9
0	-7.1
4.921	-8.4
0	-3.7
0	-3.5
4.256	-5.1
0	-0.1
0.931	-0.8
0	0.5
0.931	-2.5
1.197	-0.3
0.798	-0.3
0.23715	2.2
1.34385	1.3
12.2528	1.7
4.1106	1.7
9.0117	2
5.29635	2.8
1.18575	1.7
2.6877	1
2.2134	1
4.5849	0.6
3.325	-0.6
1.33	-6.9
4.522	-1.7
11.8575	1.2
4.4268	1.5
0	0.9
0	-1.3
0.532	-3.3
0	-5.3
0	-6.4
0	-7.9
12.103	-8.3
2.128	-5.2
3.99	-6.2
17.29	-6.7
1.66005	3.2
0.9486	2.8
0	1.3
2.926	-0.4
0	1.2
0.266	-2
0.39525	1.1
0	-0.1
0.798	-1.9
0	-5.8
0.266	-6.8
0.665	-15.2
2.394	-8.1
0	-3.2
0	-3.7
0	-3.9
0	-0.8
8.778	-2
0	-3.2
2.793	-7.1
1.729	-11.8
0	-8.9
4.788	-6.4
8.45835	0.7
2.261	-0.2
5.852	-0.4
10.108	-1.9
4.256	-3.9
0	-10.6
0.798	-15.5
0.133	-17.5
0	-19
0.665	-18.7
0.399	-9.4
0	-0.1
1.596	-3
3.192	-8.2
9.443	-0.7
0.532	-1.9
2.793	-9.1
0.266	-8.6
0.399	-8.1
0	-11.8
0	-12.3
8.645	-12.6
0.266	-9.8
7.315	-16
0	-7.9
1.862	-8.8
0.931	-16.1
7.315	-12.6
0	-6.7
0.266	-11
0	-11
0.133	-9.7
0.266	-12.9
0	-9.2
0	-2.7
0	-8.3
0	-1.8
0	-2.1
0	-3.3
0.399	-2.7
2.527	-1.8
0	2.5
0.798	-2.8
0	-3.5
0	-2.4
0.798	-5.2
0	-1
8.645	-1.8
0	-2.7
0	-9.5
0.532	-13.7
1.729	-7.3
0	1
2.128	-6.8
4.655	-0.9
12.236	-0.8
1.33	-2.3
0	-13.6
0.665	-15.4
0.266	-6.5
0	-8.6
0.665	-4.5
0	-8.5
0	-14.9
0	-17.5
3.458	-9.4
4.389	-3.3
0.266	-0.7
0	-6.6
0.266	-1.9
0	-1.6
0.399	-6
7.714	-4.1
1.596	-3.1
0	1.1
0	-2.4
0	-4.1
0	-10.1
0.266	-10.8
3.857	-0.6
0.39525	1.8
0.07905	0.8
0	-1
0.86955	1.1
5.45445	1.3
9.177	-1.8
11.172	-0.2
1.995	-0.1
4.256	-1.3
0	-2.7
4.522	-4
1.81815	0.6
9.9603	1.6
1.1067	0.7
0.931	-1.6
2.128	-0.7
5.719	-0.7
0	-6.2
0.133	-5.1
0	-6.6
0.798	-3.5
0.399	-2.2
1.596	-5.4
5.719	-6
8.379	-6.1
0.798	-7.9
0	-9.6
13.433	-7.7
0	-6.3
0	-7.2
1.197	-6.4
2.527	-4.1
0	-5
0	-0.4
0	-0.7
2.394	-0.9
0	0.2
0	-1.9
0	-5.1
0	-6.2
0	-6.6
0	-5.2
3.192	-4.2
0	0.5
0	-3.2
0	-5.5
0.665	-4.4
3.724	-5.2
4.788	-2.8
0	-0.8
0.4743	1.4
0.07905	3.5
0	4.1
0.07905	3.7
7.5888	4.2
3.08295	3.8
5.77065	6
3.0039	3.4
0.07905	4
0	4.2
5.2173	4.8
0	4
11.7785	2
0.55335	2.4
0	3.8
0.07905	4.5
2.0553	4.6
0.23715	5
0	6.7
1.18575	10.4
1.2648	8
0	5.6
0	6.8
0.9486	4.3
0.23715	6.6
0	4.8
0	7.8
0	12.5
0	13.8
0	12
0	13.7
0	15.4
0	17.1
0	18
0	17.6
0	15.3
0	12.1
0	12.1
0	15.3
0	15.1
0	16.7
0	15.7
0	13.6
0	11
0	16.3
0	19.6
0	20.4
0	20.9
0	21.9
7.7469	20.6
5.0592	16.1
14.3081	11.6
0	8.4
4.9011	10.4
0	13.1
3.3201	14.9
18.1815	9.7
1.81815	6.8
0.39525	6.6
0	10.2
0	14.1
0	15.7
0	16
4.743	13.8
0.07905	11.7
1.66005	11.9
0.9486	10.1
0	8.9
1.02765	8.2
0.07905	7.3
0	11.2
1.02765	12.3
0	10.8
0.07905	11.3
0	14.6
5.45445	13.4
1.02765	12.4
0	13.7
8.14215	13.5
3.162	15.4
3.7944	15.7
1.7391	12.7
4.98015	11.5
0	11.2
0.55335	12
0.55335	13.4
0	14.5
5.0592	14.4
0.86955	16.3
0.1581	12.5
4.66395	11.9
0	14.7
1.97625	16.8
18.1025	15.5
7.19355	14.7
0.23715	11.9
7.4307	12.6
1.4229	10.6
0	11.5
2.0553	12.5
3.24105	13.8
0.07905	14.1
2.0553	13.3
3.4782	13.4
3.3201	11.3
0	9
0	8.8
25.9284	13.8
11.3042	13
0	6.5
3.3201	9.4
15.0986	10.7
0.6324	10.5
2.3715	10.3
0.71145	10.9
0	12
11.6994	8.4
1.2648	7.7
0	8.3
0	8.8
0	7.6
0	7.5
2.92485	7.8
6.08685	9.5
20.7902	10.8
2.8458	11
7.66785	9.9
2.2134	9.9
19.6835	11.6
8.8536	14.2
0.3162	9.2
8.61645	8.3
3.4782	8
0	7.9
0	7.4
0.39525	12.1
0.7905	10.9
0	9.5
0	9.7
0	10.2
0	11.5
0	10.3
0	8.1
5.8497	9.6
1.66005	9.8
5.45445	8.5
9.24885	8.3
0.55335	8.6
1.1067	8.8
0.7905	9.2
4.98015	9.8
0.4743	10.7
0.07905	10
1.50195	9.8
0	8.1
0	6.5
0.07905	6.7
0.1581	6.2
0	2.1
0	1.4
0	2.2
0	3.2
0	5.8
2.60865	6.4
2.45055	2
9.975	-0.2
0.266	-1.4
17.423	-3.4
2.527	-2.8
1.596	-4.9
0	-5.9
0	-7.7
0	-10.7
0	-12.6
0	-11.1
0	-12.2
3.857	-8.5
0	-6.3
0	-15.1
0	-15.6
0	-16.2
2.926	-16.2
0	-9.1
1.197	-11.5
1.463	-7.9
0	-12.2
0	-14.9
0	-11.6
0	-16.9
5.054	-12.7
4.123	-8.1
15.827	-2
1.064	-2.3
0	-7.8
3.458	-17.5
2.394	-10.1
0	-16.7
1.596	-9.9
3.059	-2.4
3.08295	0.3
3.24105	0.2
0	-1.6
2.66	-2.3
2.926	-5.2
5.187	-4.1
5.187	-4.6
1.064	-5.9
2.128	-6.7
4.256	-3.7
0	-6.6
0	-13.9
0	-18.4
7.448	-15.7
1.596	-8.1
0	-8.8
0	-11.9
0.532	-16
2.128	-10.2
6.65	-2
11.7785	0.8
0.9486	1.3
10.1184	0.8
5.5335	1
6.251	0
2.66	-0.4
1.596	-0.4
0.532	-2.1
0	-1.8
11.837	0
0	0.7
0	-4.5
0	-8.7
3.99	-11.8
2.394	-4.9
4.389	-3.5
0.07905	0.4
1.729	-2
4.743	1.8
0	-2.7
0	-10.7
0	-5
0	-3.4
0	-1.2
12.236	-0.9
0	-2.3
1.995	-7.6
1.729	-2.7
0	-4.4
0	-12.4
0.266	-12.6
0	-1.7
0	0.4
0	-3.1
0	-1
3.99	-1.9
0.665	-3.6
3.591	-10.8
0.931	-5
9.177	-1.9
3.325	-1
15.162	-2.6
0	-3.8
0.399	-10
5.453	-6.3
2.793	-5
7.448	-2.4
9.576	-5
3.325	-3.4
0	-13.4
5.187	-10.6
6.65	-3.4
5.586	-1.6
4.123	-6.2
0	-22.8
0.798	-21.3
1.064	-16.7
1.463	-19.2
0.665	-16.9
0	-14.5
0.931	-10.7
0	-1.9
0.07905	1
0.07905	0.6
0.665	-2
0	-4.2
0	-7.2
0.665	-6.8
8.113	-10
0	-3.7
0	-3.1
1.197	-13.8
0.665	-9.7
0	-3.4
2.261	-4.3
2.394	-3.7
7.182	-0.8
0	-3.9
0.133	-11.3
0	-15.2
0	-17.7
0.266	-18.1
0.665	-15.6
0.266	-12.2
0	-16.3
1.064	-13.3
0.532	-5.9
1.197	-5.9
0.931	-7.6
0	-5.7
1.862	-8
0	-3.4
0	-6.9
0.133	-7.3
7.847	-5
1.197	-5.6
1.064	-9.8
7.714	-6.6
0.665	-1
0.665	-6.5
7.714	-14.7
3.192	-17.7
10.374	-9
0.133	-3.9
0.86955	1.1
3.4782	1.2
0.133	-3.3
5.852	-1.3
2.527	-1.6
0	-3.2
5.453	-4.4
0	-3.1
12.236	-3
0.399	-1.1
0.798	-5.9
0	-3.8
0	-6.9
0.266	-4.9
0.133	-4
1.995	-5.3
1.197	-0.4
3.39915	0.7
5.852	-0.9
0.266	-3.3
0	-5.6
0	-4.6
0	-3.7
0	-4.6
0	-7.7
0	-9.1
0	-5.9
0	-3.3
0	-2.4
0	-0.6
0	-2.3
0	-3
3.591	-2.1
8.246	-0.4
3.059	-1.5
0	-4.1
0.133	-4.9
5.586	-2.6
2.60865	0.6
0	2.2
0	5.3
2.0553	5.2
0	4.2
0	3.7
0	5.6
0	4.1
0	6.3
0.07905	8.4
0	11.2
0.1581	11
0	9.1
0.07905	5.2
0.23715	5.5
0.4743	10.5
0.39525	13.9
0.07905	8.2
0	8.4
0.07905	5
0.1581	5.1
0	4.9
4.03155	3
0	12.7
5.92875	14.2
7.1145	8.4
0.07905	10.1
0	14.4
0	11.6
0	7.1
0	8.4
0	10.1
0.07905	6.8
0.07905	3.6
1.81815	2.7
0.3162	2.5
0	3.3
0	5.8
0.39525	7.3
1.02765	7.6
2.2134	10.9
3.6363	11.8
12.1737	12.1
0.23715	5
0.7905	3.8
2.45055	5.5
0.3162	5.9
1.02765	5.1
0.6324	5.7
0.86955	6
0.6324	6.1
1.02765	5.1
2.13435	6.5
16.6005	7.3
0.23715	9.8
0.07905	9.9
0	12.2
3.4782	11
1.2648	8.8
0	12.4
0	13
4.2687	7.6
2.29245	10.5
1.66005	9.2
0.07905	11.6
0	14.2
1.4229	13
0.3162	14.3
0	12.9
0	9.2
0	11.1
0	15.1
1.66005	16.6
11.067	16.4
6.87735	13.6
0.23715	12.2
1.2648	8.7
0.07905	7.6
0	8.6
0.1581	13.7
0	20.2
0	19.2
0	14
0	17.5
0	17
5.61255	14.1
0.9486	15.2
1.8972	14.4
0	16.9
0	17.2
0	19
1.02765	20
1.02765	18.6
0	16.3
4.2687	15.9
7.03545	17
0	15.9
5.6916	14.8
0.1581	15.1
0	16.3
0	16.9
0	18.6
0.3162	15.3
0	16
3.162	15.8
5.13825	14.3
1.02765	13
0	11.2
0	11.9
0	11.9
0.6324	13.4
4.50585	16.6
6.9564	14.3
1.34385	14.6
0	13.9
0	13.7
1.81815	14.3
11.6994	12.2
0.7905	10.8
0	11.7
0.1581	11
0	8.9
0	8.9
0.23715	8.8
0	10.1
0	8
0.7905	7.5
0.9486	9.9
0	7.7
0	6.5
0.39525	6.1
0	6.7
1.97625	7.6
0.07905	8.8
0	6.8
0	5.1
0	4.4
0	5.8
0	6.1
0	3.3
0	3.5
0.07905	3.8
0	4
0	2.4
0	2.5
0	1
0	0.5
0	0.4
0	2.4
0	2.1
0	2.7
0	4.3
0.86955	2.1
9.8022	3.3
1.18575	2.4
0	0.9
0	-0.9
4.50585	2.2
1.66005	3.6
0	1.6
0	1.4
0	5.9
0	6.3
0	4
0	2.6
9.1698	2.5
9.9603	7.3
0	6.3
0.39525	1
0	-0.7
0	-0.3
0	0.5
0	-2.6
0.133	-3.2
18.221	-1.2
2.394	-2.5
3.857	-2.4
0	-3
0	-8.3
1.862	-7.4
0	-7.3
0	-12.4
0	-12
0	-8.4
1.463	-1.6
0	0.1
0	-2.3
2.527	-6.6
0.931	-3.2
0	1
0	-4.8
4.66395	0.2
0	0.5
0	1.3
0	-0.6
0.133	-2.3
0.23715	0.4
0.266	-2
0.399	-1.6
0	-2.5
0	-2.1
0.133	-5.3
4.788	-4.4
1.33	-0.9
0.532	-6.4
3.99	-4.3
0.665	-2.7
1.729	-7.5
1.064	-5.3
0.266	-2.6
0.931	-3.1
0.665	-2.3
0	-4.3
0	-5.7
0	-9.3
0	-16.1
2.926	-7.5
5.32	-3.3
0	-5.4
0	-7.2
0	-3.6
0.133	-2.8
2.128	-9.4
1.197	-9.7
1.064	-6.7
3.192	-9.1
13.832	-10.3
7.714	-4
1.064	-8.4
3.99	-10.4
13.699	-2.1
11.438	-0.7
1.33	-2.3
0	-5.2
0.133	-7.9
0.532	-14.1
0.798	-13.2
8.645	-6.4
1.729	-6
1.729	-10.2
3.458	-12.5
27.93	-3.3
11.039	0
3.059	-3.4
0	-5.1
0.532	-7.7
0	-11.7
0.266	-20.9
0.133	-15.3
0	-22.2
0	-23.3
3.325	-15.8
11.438	-5.9
4.921	-4.2
0.133	-10.4
0	-10.1
1.064	-8.8
1.463	-8.6
0.798	-6.5
0.665	-11.2
10.773	-11.4
9.709	-6.8
0	-13.9
0	-12.8
0	-22.1
6.118	-14.9
13.034	-6.5
6.517	-0.2
1.995	-5.5
3.458	-8.5
0	-18.5
0.133	-27.1
1.064	-21.8
4.655	-11.9
7.581	-4.1
0	-4.8
0	-11.4
0	-15.7
0	-22.2
0	-20.3
0	-20.1
0	-20.1
0	-19.4
0	-25.3
0	-22.8
0	-21
0	-24.4
0	-28.3
0	-23.7
0	-15.2
0	-15.9
0	-17.7
1.729	-18.6
0.665	-15.9
0	-22.6
0	-25.1
0	-22
0	-18.4
0	-12.7
0	-8.9
1.197	-10.5
0.133	-10.8
0	-11.9
0	-8.7
0	-8.9
0	-9.4
0.133	-8.9
0	-10.9
4.522	-10.6
0.665	-13.7
0	-15.3
0	-12.4
0	-18.9
0	-17.7
0	-17.1
0	-16
0	-10.8
4.522	-6
7.847	-3.9
2.926	-7.9
3.059	-5.6
7.714	-1.7
0	-4.6
0.931	-4.2
5.719	-2.5
0.931	-0.8
5.985	-0.9
3.325	-1.4
1.596	-5.4
1.197	-3.4
0	-3.6
0.399	-4.7
0	-6.5
0	-10.3
0	-12.4
0	-8.2
0	-6.3
0	-6.8
0	-9.4
0	-12.5
0	-7.4
3.059	-1.1
1.862	-1.1
0	-1.7
0	1.8
3.3201	2.3
0.55335	1.6
0.1581	1.5
2.13435	1.9
5.13825	1.4
2.2134	2.1
3.7944	1.7
3.71535	1.6
0	1.7
0	0.8
0	0.8
0	4.1
1.7391	2.9
0	2.3
0.7905	0.6
0	1
0	0.5
0.133	-2.3
0	-2.5
0	-0.5
0.4743	3.6
0	1.7
0	2.5
0	5.3
0.71145	8.9
1.18575	6.8
2.0553	4.8
0.1581	4.9
0	4.1
0.3162	1.2
0	1.6
0	2.1
0	5.2
0	8.2
0	9
0	10
0	10.5
0	11.7
0	11
0	8.2
0	2.8
0.1581	3.7
10.5927	1
1.02765	2.7
0	2.4
1.2648	1.1
0	1.2
0.07905	2.8
0	5.3
0	5.2
1.02765	3.5
0	4.7
0	4.2
1.66005	4.7
0	6.3
0	3.3
0.1581	3.2
0.9486	5
0	7.6
1.8972	7.7
0	8.9
0	10.2
0	11.2
1.4229	14
5.0592	11
0.86955	12.5
2.8458	12.2
13.1223	11.8
4.34775	9.8
11.1461	8.6
1.581	10.7
0	10.9
0	12.9
4.2687	11.3
6.71925	7.8
1.7391	8.7
0	10.8
1.02765	10.1
0	11.4
0	13.9
0	14.8
0	15
0.07905	16.6
0	14.3
0	11.5
0	12
0.1581	14.5
0	13.5
0	15.5
2.0553	15.4
0	15.5
0	14.6
0	13.8
0	11.4
0	13.7
0	15
0	13.3
0	16.2
0	16.9
0.07905	17.3
5.77065	15.4
0	15.1
0	17.6
0	18.7
0	19
5.45445	19.3
1.81815	15.1
0	11.4
0	11.5
0.07905	11.1
0	16.5
0	17.2
3.08295	18
0	16.5
0	14
0	16.6
0	19.2
0	22.4
0.4743	17.8
3.87345	15.8
0	16.8
0	18.7
0	20.1
0	21
0.23715	18.3
2.76675	18.8
3.39915	16.7
0	13.2
0	14
0.55335	15
0.39525	14.6
0	11.6
0	13.8
1.2648	16
0	15.8
0	10.1
0	8.4
0	9.4
0	10.8
0	10.9
0	10.5
0	9.7
0	12.7
0.6324	12.4
0.07905	12.2
5.8497	10.4
0.1581	12.1
2.13435	13.5
0.7905	12.7
6.56115	9
5.2173	8.5
0	5.8
0	9.1
0	9.6
0	11.1
0	9.8
0	9.7
0	10.1
0	9.1
0	5
0.1581	6.5
8.61645	7.9
4.1106	10.9
1.66005	9.2
3.08295	9.5
0	8.1
0.4743	4.7
9.1698	4.8
0.23715	4.3
0	2.3
0	2.7
0.1581	3.1
0	6.1
0.1581	8.5
0	8.2
7.7469	7.3
0	5.8
0	2.8
9.0117	4.7
0.9486	4.6
0.55335	3
2.76675	3.2
0.39525	1.5
0.399	-1.1
7.98	-1.4
15.029	-1.4
0	-1.1
4.9011	1.4
0	8.1
0	6.7
0	6.8
0	2.1
3.08295	2.1
1.02765	3.4
1.862	-0.9
0	-0.1
0	-3.7
0	-5.2
0	-3.8
0	-4.7
0	-6.3
0	-3.6
0	0.9
1.18575	2.9
6.08685	3.2
7.98405	1.6
2.60865	4.4
2.5296	4.8
9.8022	2.2
6.9564	2.1
4.03155	1.7
0	-2.5
0	-4
0.665	-1.7
0	-1.1
0.266	-4.9
11.704	-2.7
0.9486	2.2
0	0
0	-7.6
0.532	-6.5
0	-11.6
0.133	-12.1
0	-8.6
0	-6.2
0.266	-5.7
4.522	-3.1
0	-3.2
0	-5.6
0.399	-9.5
0	-9.2
4.522	-10.9
5.187	-2
0.798	-2.4
9.177	-5.5
1.729	-1.2
0	-2.5
0.399	-15.3
7.714	-6.6
0.665	-1
3.192	-0.3
0	-4.3
0.133	-12
0	-1.2
0	-3.8
0	-1.6
1.729	-1.7
3.458	-0.8
1.197	-3.2
0.399	-4.6
1.33	-1.6
8.512	-1.3
19.285	-1
9.709	-1
0.266	-3.4
1.596	-8.7
1.064	-6.6
0.665	-7.1
0	-12.1
0	-19.2
13.832	-12.8
12.635	-3.3
8.645	-0.3
0	-0.3
2.66	-8.9
3.325	-1.1
2.527	-0.3
0.931	-1.6
3.7944	1.1
0	0.1
1.596	-2.6
2.394	-10.2
4.655	-6.3
0	-16.6
3.059	-16.8
0	-10.9
0	-20.6
0.133	-13
0.532	-3.5
0	-2.3
4.256	-1.5
0	-0.6
3.857	-1.4
2.261	-3.6
4.655	-4.4
0	-9.2
2.527	-16.5
12.369	-4.1
0.133	-3.4
1.463	-2.9
0.07905	1.4
0	0
0	-4.7
0	-8.6
0	-9.5
0	-10.9
5.586	-8.3
2.394	-5.3
2.527	-9.5
3.857	-5.3
0	-4.6
0.266	-7.9
0	-10.5
0	-11.7
0	-22.4
1.862	-11.8
2.128	-10.1
5.586	-14
5.453	-3.7
11.305	-11.9
6.517	-6.2
0	-13.3
1.197	-18.5
2.527	-10.4
0	-7.7
0.133	-13.9
0	-17.2
4.389	-9.2
0.266	-5.4
14.63	-0.7
4.66395	0.3
4.50585	0.5
3.08295	0.6
1.197	-0.7
0	-2.8
3.724	-2.2
0	-1.8
9.044	-2.7
7.847	-0.7
0	-1.5
0	-4
0	-6.1
6.384	-4.2
0	-2.5
0	-5.3
0	-3.8
7.315	-2.3
9.044	-1
0	-5.2
8.911	-3.8
1.596	-0.3
0	-1.8
1.064	-3.3
0.798	-1.2
4.98015	0.8
1.2648	1.7
0.4743	0.6
0.931	-3.6
0.798	-2.9
0.665	-3
0.665	-1.5
5.32	-2.5
3.724	-0.6
1.197	-1.4
1.862	-7.8
0	-0.4
0	0.9
0	-0.6
0	-4.8
0	-9
0	-5.9
0	-4.1
0	-5.5
4.522	-2.5
6.783	-1.9
1.197	-2
0.931	-3.6
0	-5.3
0	-6.4
0	-2.1
0	-3.6
0	-2.2
0.266	-2.9
3.591	-1.3
0	-0.4
0	-0.5
0	0.8
2.0553	2.2
3.08295	1.5
2.13435	1.5
0.3162	2.3
1.97625	1.8
1.4229	1.8
6.08685	3.1
0.3162	2.2
0	2.9
0	2.2
0	1.8
0	-0.6
0	-1.3
0	-1.4
0	-1.2
0	-1.1
0	-0.9
0	-0.4
2.261	-1.1
1.50195	1.1
0.71145	1.3
0.7905	4.1
4.4268	3.1
0	2.3
0	1.5
0	0.8
2.527	0
0	0.1
0	-0.7
0	0.9
4.34775	0.6
5.719	-0.9
0	3.8
0	2.8
3.24105	6.3
4.66395	9.4
0.71145	5.5
1.1067	6.9
0	10.3
0	9
0	9.2
0	10.7
6.9564	13.5
0.6324	13.1
0.07905	13.1
0	16.6
6.6402	13.4
0	8.2
0	9.2
0.7905	16.7
0	14.9
0	16.8
0	16
0	15.6
0.23715	17.3
0	17
0.23715	14.2
0.1581	11.4
0	11.2
0	13.4
0	15.4
0	17
0	19
0	17.5
1.81815	15.8
7.98405	13.1
2.29245	14.7
0	15.4
0	15.8
0	17.9
0	19.3
0	20.1
0	15.7
0	13.6
0	11.4
7.19355	10.2
1.50195	8.2
3.0039	9.3
0	8.9
0	10.6
0	12.1
6.1659	14.7
7.35165	11.3
0	10.5
9.6441	12.6
0	13.4
0	12.1
0	10.7
0	10.8
0.07905	10.4
0.23715	9.5
0	9.5
0	10.3
0	13.9
0	16.6
6.4821	14.9
1.2648	14.4
0	12.5
1.66005	14.2
0.9486	13.9
1.34385	13.4
1.34385	11.8
2.92485	12.8
0	11.8
0	15.1
0.6324	17.5
0	18.2
0	18.5
0	19.9
0	20.6
0	20.4
1.4229	19
0.86955	12.8
0.07905	11.4
0	14.1
2.45055	11.7
0	9.9
0.7905	10.1
0.3162	9.5
0	10.1
0.3162	12.9
0	12.9
0	12.9
0	14.6
0.07905	15.2
0	16.3
0	15.9
0	11.4
0.07905	9.8
0.3162	9.7
0	13.5
0	12.7
6.87735	10.5
2.0553	11.3
17.4701	11
9.24885	12
0.3162	9.4
0	8.3
0	8
0	8.6
0	10
0	13.3
0	15.1
0.1581	13.4
0	14.1
0	12.8
0	10.1
0	7.4
0	5.5
0	6.1
0	5.5
0	5.9
0	5.5
0.1581	3.6
0	2.2
0	3
0	4.5
0	4.7
0	8.7
0.4743	3.4
0	7.5
4.82205	6.8
0	8.2
6.9564	3.9
0.71145	6.7
10.9089	5.5
1.81815	5.4
0	2.4
2.66	0
3.08295	3.1
0.1581	5
0	4.4
1.66005	2.6
5.13825	6.3
4.18965	8.2
3.162	10.3
2.2134	7.4
0.71145	7.6
0.1581	7.8
0	8.8
0	5.3
2.29245	3.5
0	5.4
1.2648	1.6
3.458	-2.8
0.9486	3.4
2.5296	5.3
5.0592	4.9
3.724	-2.3
1.197	-1.6
1.064	-3.4
5.719	-6.4
0	1.4
0	-1.6
3.857	-3.4
2.45055	3.7
25.217	6.1
1.81815	3.6
0	-4.9
0.798	-7.3
0	-11.1
5.719	-3.4
7.581	-5
0	-8.4
0	-12
1.197	-5.2
0	-1.5
0	-6.7
7.714	-3.1
12.635	-0.9
0	-4.2
0	-8.8
2.926	-7.5
0	-0.9
9.975	-7.3
0.399	-10
0	-15.1
0	-16.6
0	-20
0.133	-12.8
9.709	-12.8
0	-10.3
7.448	-9.8
7.581	-0.2
0.133	-1
0	-12.9
0	-22.3
0	-25.6
2.793	-23.4
0	-14.1
0	-6.3
0	-4.4
0	-13.4
0	-18.8
0	-11.3
0	-14.7
2.128	-11.4
0.399	-4.5
0.532	-4.2
1.596	-4.9
0	-1.8
0	-4.4
5.586	-0.6
0	-5.5
0.266	-7.3
0.399	-6.3
0.133	-2.4
0	-5.9
0	-18.2
0.266	-23.7
0	-27.4
0.133	-26.1
0.399	-26.3
1.33	-19.7
1.729	-18.9
0	-24.1
0.532	-25.1
1.064	-20
0.798	-25.7
1.463	-19.1
1.197	-16.7
0.266	-22.6
0	-7.2
0	-13.6
0.665	-16.8
2.261	-5.7
0	-14.4
1.995	-15.5
0	-7
0.798	-6.6
2.66	-3.9
2.527	-1.8
1.33	-2.8
0.532	-4.5
0.266	-6.3
4.788	-3.9
0	-2
3.059	-1.7
0	-3.6
0.133	-9.7
0.532	-4.7
0.133	-6.1
0.399	-6.2
0	-7.4
0	-7.2
1.729	-8.2
0.133	-7.9
0	-17.2
0	-12.4
0	-9.6
0	-7.7
2.261	-5.8
0.665	-9.4
0	-9.1
1.596	-18.6
0.665	-11.8
0	-16.3
0	-15.3
0	-17.4
0.266	-15.5
1.596	-21.6
0	-14.4
0	-16.5
0	-20
0	-20
1.064	-20.6
0.133	-16.3
7.182	-11.8
0	-11.3
0.133	-15.8
0.798	-17.7
0	-19.6
0.399	-21.7
0.266	-13.7
0	-17.2
1.596	-11.1
0	-7.7
5.852	-5
10.507	-2.3
8.645	-0.4
5.32	-3.1
3.059	-3.9
0.133	-5.9
0	-6.8
0.532	-6.5
0.133	-3
0	-4.8
0	-7.3
0	-3.2
0	-1.4
0	-6.3
0	-6.8
0	-6.2
0	-7
0	-7.9
0	-7.4
0	-3.8
0	-2.8
0	-8.1
0	-9
0.133	-10.7
0	-4
0	-8.3
0	-8.7
0	-9.1
0	-7.5
7.448	-4.3
12.768	-3.1
2.128	-5.2
0	-7.4
0	-10.3
1.33	-5
1.596	-3.2
2.793	-3.7
1.463	-2.9
0	-3.9
0	0.9
0	1.5
0.07905	1.4
0	2.5
0.07905	0.6
0	-0.3
0	-4.8
0	-5.4
0	-3.7
0	-0.1
0	-0.5
0	-2.8
0.266	-3.1
0.399	-0.1
3.325	-1
11.305	-1.8
0	-0.5
0.55335	0.7
1.66005	2.6
0.133	-0.7
0	-3.1
1.729	-3.1
0.266	-1.7
1.581	0.3
4.50585	0.4
0	-0.8
0	0.4
0	0.4
0	1.3
0.9486	3.5
0	2.2
5.77065	2.3
3.162	2.6
3.162	1.8
0	1.3
0	2.5
0	3.9
0	7.7
0	9.1
0.4743	8.1
0	2.4
0	0.3
0	0.6
0	0.6
0	1.6
0	3.2
0	4
0	4.5
0	3.7
0	6
0	7.2
2.29245	9.7
2.5296	6.7
0	8.6
0	8.3
2.8458	7
0	3.6
0	7.3
0.1581	9
0	10.7
0	12
0	12.2
0	11.6
1.2648	9.9
0.4743	13
1.1067	12.1
0	14.6
0	13.6
1.2648	13.7
13.2013	13.8
7.7469	11.8
1.2648	8
0	6.5
0	5.5
0	7.8
0	9.8
0.6324	12.1
1.66005	11.9
0	15.1
0.1581	10.4
0.1581	12.4
1.7391	11
0	8.4
0	10.7
0	13.8
4.9011	11.4
0.3162	10.8
0	10.2
0	12.3
0	13.6
0	10.6
0	13.4
5.45445	13.2
0	13
6.324	11.7
3.55725	12.6
3.162	15.4
4.03155	15.3
3.0039	13.7
0	15.7
15.4938	15.6
12.3318	13
0.23715	10.3
0	10.7
0	10.9
0	11.3
0	11.5
0	13.8
0	14
0	14.8
0	15.4
0	16.9
1.1067	16
0.07905	13
0	13.8
0.86955	15.7
6.87735	12.8
0.86955	11.8
0	11.8
0	13.1
14.6242	13.1
2.6877	12.8
0	12.1
0	13
0	15.8
0	17.5
0	16.6
0	16.5
0	16.2
0	15.3
0	16.5
0	16.2
0	17.5
0.23715	17.3
0	12.9
3.3201	13.7
0	14
0	16.7
2.6877	18.2
0	16.4
0	10.7
0	9.2
0	12
0	13.2
0	14.3
0	15.7
0.86955	13.2
0	14.6
0	14.5
1.34385	15.4
3.6363	14.3
0.1581	11.7
0.39525	13.7
0.1581	9.2
0.23715	6
0	7.3
0.1581	4.6
0.4743	6.2
0	5.4
0.55335	4.9
0	5.6
0.6324	5
0	6.7
0.39525	7.4
0	6.2
0	4.1
0	4.8
0	5.6
0	2.5
0	1
0	5.4
0	4.7
0	6.7
0	7.4
0	3.4
0	0.5
0	0.9
0	2
1.34385	4
3.0039	5.7
3.7944	5
0.9486	4.3
0.23715	3.9
12.648	4.9
0	6.8
1.02765	6.7
6.9564	4
0	7.9
0	6.1
0	4.7
0	2.1
3.9525	6.3
0	2.2
0	-2.6
0	-6.1
0	-6.5
0	-0.7
0.55335	0.1
4.50585	0.6
0.3162	1.1
0	1.1
0	0.5
0.55335	0.5
1.18575	2.8
0.07905	5.4
0	5
1.7391	4.5
0.7905	5
10.4346	2.7
10.0393	4.4
7.1145	0.8
4.256	-1.3
4.788	-1.5
4.655	-0.9
8.778	-0.7
9.443	-3.5
7.19355	4.1
1.1067	3.4
2.5296	0.8
0	-2.3
0.665	-1.5
0	-3.9
0	-4.1
0	-4.4
1.463	-6.8
0.39525	2.7
0.1581	1.2
14.497	-0.9
0	-5.6
11.039	-5.2
1.66005	0.1
8.246	-0.8
2.29245	2.4
1.581	1.4
2.926	-0.9
1.995	-3.5
0	-6.9
0	-9.1
0	-10.5
15.827	-5.6
0	-0.3
4.921	-2.7
2.793	-2.3
0.266	-1.3
4.522	-0.9
4.743	0.7
0.1581	1
0.133	-1.2
1.596	-3.1
0	-2.8
0	-8.9
1.064	-15.5
6.65	-11.9
2.394	-10.8
2.261	-12.3
2.128	-13.2
0	-20.7
0.532	-16.6
0.665	-17.1
0.133	-14.3
1.729	-18.8
0.798	-14.3
0	-16.7
4.522	-19
0	-18.9
0.399	-26.2
0	-8.5
0.798	-7.4
0.133	-11.7
0	-12.3
0	-17.2
0	-11.4
0.133	-9.7
0.931	-10.8
0	-10.4
3.591	-19.5
0	-18
4.389	-14.3
0	-14
0	-26.1
4.655	-11.7
0	-15.9
0	-23.1
7.182	-24.2
4.123	-4.4
7.98	-8.1
3.99	-1.3
0	-9.3
3.325	-16.7
8.645	-11.1
1.596	-12.5
1.862	-18.5
0	-1.2
0	2.4
0	-6.1
0	-9.8
0	-8.1
0	-4.2
1.064	-2.5
0	-11.8
0	-20.4
2.527	-4
0	-6.1
0	-10.4
0.133	-7.4
2.261	-4.6
4.522	-1.7
0	-3.2
0	-11.6
13.699	-10.6
1.729	-14.2
0	-22.6
2.128	-20.2
5.187	-11.4
1.729	-13
1.33	-17.1
0	-13.6
0	-16.5
0	-15.5
0	-18.9
0	-16.9
0	-12.3
2.261	-10.4
0.532	-7.9
3.857	-11.9
6.384	-3.1
2.60865	1.4
5.6916	1.5
0	-0.2
0	-3.2
9.443	-8
0	-2.5
16.758	-0.4
0.399	-0.5
0	-3.1
0.665	-2.7
0	-3
0	-3.3
6.384	-0.7
0	0.6
0	1.8
0	1.8
2.527	-1.4
2.394	-1.5
0	-6.6
0	-12.3
0	-9.2
0.133	-8.5
0.532	-8.4
1.33	-5.3
0.133	-6.6
0	-12.7
0	-14.4
0	-13.9
0	-15.7
0	-15.6
6.517	-10.7
14.497	-5.5
3.059	-4.2
2.527	-2.6
7.581	-2.8
0	-1.7
2.527	-2.7
0	-1.6
11.305	-4.3
0.798	-4.4
0	-7.7
0	-9.7
0	-8.8
0	-9.7
7.98	-10.2
0	-3
0	-4.9
1.197	-7.2
13.3	-6.3
5.453	-4.1
3.059	-3.3
0	-0.5
0	-1
0.266	-3.6
0	-2.6
0	-5
2.394	-4.5
5.453	-0.1
1.581	1.4
3.192	-0.2
0.399	-2
3.192	-3.5
0	-0.9
0	-1.7
0	-0.6
0	1.9
0.23715	2.5
1.50195	2.3
0.07905	1.6
0.07905	1.3
3.162	1.5
0.39525	2
0	7.1
0	4.5
0	6.4
0.1581	6.5
0	6.3
0.6324	5
0	6
0	6.7
0	6.1
0	3
0	2.6
4.18965	1.2
0.1581	1.5
0	0.7
0.1581	1.2
0.1581	2
0	2.4
0	3
0	4.9
0	6.7
0	9.3
0.7905	6
1.8972	4.3
0	3.6
0	7.4
0	12.2
0	13.3
0	8.3
0	5.9
0	8.5
0.23715	10.9
0	15.8
0	17.2
0	19.6
0.1581	22.3
0.9486	17.3
0	15.4
0	18
0	19.8
2.2134	12.5
0	11.5
0	9.5
0	12
0	10.2
5.45445	10.6
0.6324	11.7
0	13.3
13.2804	11.8
2.76675	10.1
0.3162	10
0	11.8
2.0553	12.9
0	16
3.24105	17.6
0	15.1
10.3555	17.5
1.18575	13.1
0	15
0	16.3
0	17.7
0	19.2
1.581	17.6
11.1461	17
0.1581	13.1
0	13
0	15.8
0	16.6
0	16.9
0.4743	17.7
0.4743	17.9
1.1067	18.1
1.50195	17.4
0	18.8
3.39915	18.1
0	19.8
0	19.3
0	18.5
0	18.4
0	19.1
0	17.5
8.77455	17.4
0.9486	16
0.3162	14.4
4.66395	14.9
2.2134	15.2
0	15.5
0.07905	16.7
4.82205	17.1
0	17.8
0	17.4
0	16.9
0	17.2
0	18.4
0	19.2
1.34385	20.2
0	16.9
0	11.4
3.162	10.1
0.3162	9
0	8.6
0	8.1
0	8.9
0	10.3
0.4743	13.9
0	15.3
0	14.1
0	14.4
2.8458	16.4
0	15.9
8.8536	12.6
0	12.1
15.3357	9.9
1.02765	13.6
0	11.3
0	14.7
0	14.6
0	13.6
0	12.3
0	10.9
2.5296	12.6
5.6916	11
2.6877	13.5
6.9564	12.9
3.55725	11.6
0.7905	11.3
0	10.6
0	10
0.86955	9.7
0	6.4
5.13825	7.9
1.18575	9
1.2648	8
4.50585	7.1
19.5253	9.1
0	6.8
0	4.2
1.581	3.6
2.13435	3.5
1.7391	3
0.9486	2.1
0	2.3
0.07905	9.4
0	7.9
0	4.3
0	3.2
0	3
0	2.9
0.86955	4.6
0.86955	4.6
1.34385	3.7
0.6324	3.3
0.39525	1
0.39525	0.8
0	2.3
0	0
0	1.2
0.399	-0.6
0	1.3
1.596	-0.1
4.123	-0.3
1.4229	0.1
0	-1.4
0	-3.4
0	-2.9
8.0631	0.4
0	1.3
2.394	-2.8
0	-3.1
0.931	-4.9
0	-7.4
1.197	-11
0.266	-6.2
0	-5.1
2.66	-9.1
1.33	-6.8
0	-2.3
0	1.6
0	2.8
0	-3.7
0	-4.1
0	-7.4
0	-12
3.325	-9.9
7.714	-3.1
1.463	-3.1
5.187	-3.7
0	-4.1
0	-10.2
3.724	-7.1
2.793	-8
14.63	-1.9
2.394	-1.2
4.123	-1.8
0	-3.8
4.522	-3.5
0.266	-0.2
0	0.4
0	-0.5
0	-3.6
0	-7.7
0.399	-9.1
1.862	-4.3
0	-2.9
0.133	-5.6
2.128	-10.6
4.921	-5.3
3.591	-6.4
1.33	-11.3
0	-22.5
0	-27
0	-27.5
1.729	-12.9
10.906	-7.8
0	-4.7
2.926	-8.8
2.128	-0.5
1.81815	1.2
3.08295	0.7
3.059	-0.2
0	-3.1
5.187	-7.8
1.995	-13.7
3.458	-8.1
0	-1.5
0.07905	1.9
0	-5.9
0	-3.5
0	-14.7
0.665	-5.5
0	-5.3
1.463	-11.4
1.995	-8.2
0.266	-4.8
0	-10.8
1.596	-12.4
2.66	-9.6
1.197	-10.6
0	-9.8
0	-7
0	-11.2
0	-11.7
15.561	-7.9
2.261	-4.6
1.197	-2.5
1.197	-1.7
6.118	-4
3.325	-5
0	-10.6
7.98	-15.9
1.33	-8.9
3.99	-18.4
2.128	-12.3
4.788	-9.5
9.443	-1.1
10.4346	0.1
3.591	-0.1
6.384	-3.1
0.532	-11.5
0	-20.9
0.665	-20.3
6.118	-5.9
0.266	-4
0	-11.6
1.064	-10.7
1.862	-0.9
1.596	-3.1
0	-14.5
0	-26.2
0	-22.3
1.995	-26.8
5.187	-20
0.665	-21.3
0	-29.6
0	-32.5
0.133	-23.9
7.98	-20.4
7.049	-16.3
0	-17.8
4.788	-19.7
14.231	-10.8
0	-14.2
1.463	-19.1
0	-20.6
3.724	-20.2
5.187	-15.7
0.266	-16.5
2.926	-27
3.192	-15
0	-9.2
5.586	-15.2
13.566	-4.9
1.596	-0.1
0	-6.3
0	-16
3.99	-17
2.527	-1.5
10.241	-0.4
6.251	-2
1.064	-8.1
0.133	-15
0	-18.2
1.197	-16.3
0	-15.5
0	-18.8
0	-18.8
0	-12.2
0	-16.9
0	-16.6
0.532	-17.2
1.995	-6.6
0	-9.9
0	-15.9
1.064	-14.1
1.862	-6.1
8.645	-2.5
6.65	-1.7
0	-7.3
0	-10.7
0	-10.1
0	-2.8
0	-1
0.133	-2.7
0.133	-2.2
0	-5.7
0	-0.2
0	-1.2
20.615	-0.6
0	-7.2
0.133	-12.6
0.133	-10.1
0	-8.5
0	-4.5
0	-4.6
0.133	-4.6
0.532	-5.3
0.266	-4.7
0	-10.1
0	-11.9
0	-10.3
0	-10.4
0	-10.6
0	-6.7
0	-5.6
0	-6.2
0	-3.4
0	-1.2
5.719	-3.3
0.55335	2.5
0.23715	3.2
3.162	3.6
0	1.4
0	2.4
0	5
0	5.1
1.34385	6.1
3.4782	2.9
0.07905	4
0	2.6
1.581	7.4
0	3.8
0	3.9
0	5.3
0	3.5
0	4.3
11.5413	4.3
4.34775	2.1
4.9011	3.4
0	6.2
9.56505	8.3
3.08295	4.8
0	4.7
0	6.7
0	7.9
0	8.2
0	11.5
0	10.9
1.50195	10.4
0.6324	8.2
0	3.6
0	3.9
0	4.4
0	4.6
10.6717	1.6
0.6324	2.4
1.18575	5.1
1.66005	3.5
0.55335	4.2
0	5.2
0	5.7
4.66395	4.7
5.61255	4.2
4.03155	6.9
0.07905	5.2
3.24105	5.6
3.9525	8
0.23715	8.5
0	10.9
6.4821	11.5
0.07905	11.5
5.92875	10.7
4.1106	14
8.3793	13
12.0947	12.3
0	10.2
8.30025	12.5
1.4229	14.4
6.08685	15.3
3.0039	13.4
0	12.4
0	11.8
0	11.6
0	12.7
0	13.3
0	11.7
0	10.3
0	14.1
0	16.3
0	17.1
0	17.4
0	16.9
0.71145	15.3
2.8458	14.4
9.88125	11.3
9.6441	11.7
4.5849	11.6
1.34385	14.9
0.55335	18.1
2.92485	17.1
4.1106	19.1
0.3162	17
0.55335	18.7
0	20.5
0	20.9
0.4743	17.8
9.0117	15.2
4.98015	14.2
0.86955	13.6
0.9486	14.9
9.0117	15.4
0.3162	15
0	16.4
0	16.7
0.71145	16.2
0	17.7
9.88125	16.2
10.2765	15.3
9.72315	13.4
0.07905	14.1
0	14.8
12.648	12.9
8.14215	14.6
11.3832	13.5
2.6877	14.3
0.23715	14.9
0	14.1
14.7823	12.9
17.0748	12
23.5569	12.2
0.7905	11.4
0	11.5
2.0553	12.9
0	10.6
0	9.5
0	9.9
0	11.3
0.86955	12.2
0	11
0	11
4.2687	10.1
3.24105	10.6
0	11.4
7.2726	10.6
8.0631	12.8
27.1932	12.7
2.6877	11.1
6.1659	12
9.88125	12.4
0.39525	10.1
0.39525	9.8
0	10.4
0	6.4
0	6.3
0	7.7
0	7.2
0	9.2
0	10.3
0	11.2
0.07905	10.6
0	10.3
0	11.1
10.1184	11.9
22.134	13.7
7.905	11.7
0	6.7
0.7905	8.5
0	10.2
1.1067	10.5
0.55335	8.3
0	4.7
1.66005	4
0.1581	5.4
0.86955	7.8
1.2648	11.8
0	7.6
0.23715	4.2
1.02765	4.5
0	3.9
0	0.6
0	0.8
0	1.2
0	-0.4
0	1
0.07905	1.4
0	3.5
0	5.9
0	2.4
0	-1.6
0	-1.8
0.133	-0.3
0.1581	2.4
9.8022	3.9
5.92875	6.4
3.7944	4.7
2.29245	2.4
2.6877	4.3
5.61255	3.8
9.09075	2.6
2.13435	0.8
0.4743	1.6
1.2648	0.4
0	-2.9
5.586	-4.4
0	-2.6
1.862	-4.1
15.0986	4.2
0.07905	5.6
0.1581	1.9
1.4229	5.3
5.92875	4.1
1.02765	1.2
3.24105	1.4
0.86955	0.3
0	-0.1
0.133	-3
0	-8.2
0	-10.1
0	-8.7
0	-10.1
0	-4.9
0	-7
0	-8.7
0	-12.6
6.384	-12.9
14.497	-7
12.502	-6
0.798	-7.1
0	-14.1
0	-19.3
1.33	-16.3
2.261	-10
2.926	-9.6
0	-15.3
0	-14.3
1.995	-2.4
2.13435	1.3
2.6877	1.3
0	0.2
3.458	-1.2
2.66	-0.1
1.596	-3.1
2.261	-5.2
1.064	-1.3
0.1581	0.3
3.9525	1.6
1.66005	2.6
13.3	0
0	-11.8
0	-17.4
0	-16.9
0	-18.5
0	-18.8
3.458	-4.6
3.99	-3.5
0.798	-3.4
0.266	-5.7
0.665	-5.5
3.325	-3.1
10.507	-1.6
0	-0.9
10.108	-5.5
0	1.9
4.256	-5.3
0	-15
0	-22.4
0	-26.9
0	-25
6.65	-19.3
0.931	-15.6
2.128	-14.1
0.931	-12.8
1.729	-12.2
0	-14
0.266	-18.7
0.266	-5.5
1.729	-1.3
1.729	-2
8.113	-1.4
8.379	-3.8
0.133	-7.5
0.266	-7
3.458	-15.7
0.133	-16.5
0.665	-24.5
0.133	-25.5
5.187	-21.6
0.532	-17.1
1.596	-20.5
0	-30.3
1.463	-20.9
19.95	-4.8
1.197	-0.7
0.266	-0.1
8.778	-1.1
2.66	0
1.995	-1
0	-8.1
0	-19.8
0	-23.3
0	-24.8
0	-26.8
0	-34.9
0	-39.9
0	-34.1
5.054	-18.1
0	-5.4
0	-12.5
2.394	-22.9
0.266	-13.1
6.118	-12.5
0	-16.1
0	-23.9
0	-27.8
0.266	-24.7
1.064	-20.5
0	-23.6
0.532	-24.8
0.266	-14.2
0.665	-7.7
4.123	-1.5
16.226	-1.5
0	-0.5
4.788	-3.1
1.995	-6.6
0.798	-7.1
0.133	-7.5
1.064	-6.8
0.931	-8.9
0.399	-8
1.729	-8.1
1.064	-6.4
0	-4
0.266	-6.4
1.33	-8.2
0	-5.3
0	-7.3
0	-14.7
0	-17.7
0	-13.7
5.586	-5.4
0	-5
0	-4.2
0	-11
0	-13.3
0	-9.7
0	-8.3
0	-6.8
0	-5.6
0.133	-2.2
5.586	-3
0	-1.4
0	-5.3
0.665	-1.8
6.517	-0.1
1.197	-2.8
7.714	-4.4
3.192	-0.9
0.399	-5.1
0	-5.1
0	-7.1
9.842	-3.1
3.3201	0.8
0	-0.2
0	1.9
0	2.3
1.81815	0.8
0.3162	0.8
0	-1.7
0.133	-5.4
0	-4.8
0	-0.4
0.1581	2.4
0	-0.1
2.128	-1
0	-1.3
0	-4.9
0	-4.1
0	-3.6
0	1.2
0	3.4
4.66395	2.3
1.2648	3.3
1.34385	6.1
0	7
0	4.1
0.39525	9.1
0.3162	7
0.23715	3.9
0.07905	3.4
0	5.2
0.1581	5.9
0	5.8
0.71145	4.2
0.39525	2.6
2.5296	1.9
1.995	-2.5
0	-2.6
0	-1.4
0	1.4
0	1
0	3.3
0.266	-1.2
0.266	-1.4
0	-0.7
0	1
0	0.6
0	1.6
0	3.8
0	5.1
0	1.4
0	2.5
1.02765	5.4
0.07905	6.2
0	9.3
0	11.2
0	11.3
0	14.9
5.61255	9.5
3.7944	8.1
0.9486	9.2
1.50195	12
3.162	8.6
4.18965	7.9
14.3871	7.2
7.19355	0.7
0	5.8
0	6.8
4.03155	9.8
0	9.6
7.66785	9.2
6.7983	8
3.55725	9.8
3.162	10.4
1.34385	10.9
0	15.5
0	14.9
0	13.9
0	17.9
0	19.8
2.29245	19
0	16
0.6324	17.2
0	17.7
2.13435	13.1
1.02765	13
1.66005	13.7
0.9486	17.4
0	16.2
0	17.6
0.9486	20.8
0	15.1
0	18.8
1.50195	19.2
0	18.6
0	19.5
0	19.8
0	18.5
1.97625	17.7
16.8377	14.9
0	11.5
3.3201	12.9
7.50975	14.5
8.45835	11.6
0.39525	11.2
0	12.5
0	17.5
1.66005	18.1
0.07905	14.8
0	16.6
2.60865	19.3
3.55725	23.7
16.2843	21.5
19.3673	17.9
4.4268	15.5
0	16.4
0.55335	17.1
14.7823	15.9
0	18
2.0553	15.1
1.02765	12.8
5.92875	14.5
2.8458	10.9
0	12.1
5.2173	12.6
1.581	10.1
0.1581	9.1
0	12.3
0	15.7
0	16.8
5.3754	16.4
3.55725	12.2
0	9.2
0	9.5
0.3162	8.3
1.34385	8.9
0	11
2.92485	15
1.2648	14.5
1.81815	12.8
0.39525	8.9
0	7.9
0	8.7
0	10.7
0	10.2
0.4743	8.2
1.7391	8.3
0	8.1
0	7.2
0.4743	7.5
0.71145	7.8
0.3162	9.1
0	11.8
0.7905	8.9
10.0393	10.8
14.3871	10.6
0	9.4
0	9.2
0	11.1
0.86955	13.1
1.97625	13.9
0	16.9
0	13
0	13.2
0	14.3
0	14.9
7.905	13.7
2.76675	9.7
0.39525	9.8
0	8.6
0	8.4
0	7.9
0	6.2
0	5.9
0	4.4
0	4.3
0	7.3
0.3162	6.8
0	10.9
0.07905	9.1
0	3.4
0	6.8
0	7
0	3.6
0	0.7
0	3.2
4.4268	7.1
2.3715	8.5
0.3162	6.5
4.18965	5.9
0.23715	5
8.6955	6.9
1.7391	8.1
0.1581	6.1
0	-0.7
9.486	0.6
1.50195	5.2
1.02765	4.5
0	2.8
0	2
0	0.9
0.3162	1.5
0	3.2
0	4.3
0	0.2
0	0.4
0	0.4
0	-0.4
0	-0.5
0	0
0	2.5
0	2.6
1.97625	1.2
2.60865	2.5
2.60865	4.8
0.9486	3.6
1.463	-2.5
0	1.6
0.07905	0.1
0.39525	4.4
0.4743	4.4
13.5966	3.6
0.07905	0.3
3.857	-3.7
1.33	-2
1.33	-1.7
1.064	-2.2
3.325	-0.2
0	1.9
2.261	-2.6
5.054	-1.1
6.384	-2.1
0	1.2
4.389	-5
0.133	-11.4
7.182	-10.1
4.123	-6.7
1.729	-4.9
0	-8
0.266	-4.9
0.532	-1.3
0.532	-5.2
0	-3.6
0.133	-3
8.645	-0.4
4.522	-0.8
5.0592	1.9
4.743	0.3
0.931	-1.1
7.98	-4.3
3.192	-3.5
0	-8.1
0	-9.5
0.532	-7.6
0	-18.2
1.862	-11.4
0	-16.3
0	-18.7
3.325	-20.7
0	-11.5
0	-24.1
0	-13.8
11.704	-13.6
8.911	-6.6
0	-11.4
0	-20.6
7.448	-15.2
4.788	-5.3
0	-8.6
0	-12.3
0	-17.9
0.133	-21.3
6.517	-4.1
1.197	-0.5
8.512	-0.4
0.266	-3.9
0.532	-4.5
1.995	-7.5
1.463	-6.8
2.261	-12.5
0.532	-14
0.399	-10.6
7.714	-7.9
4.522	-5.2
5.719	-5.6
0.532	-11.1
7.714	-7.8
3.325	-0.3
3.059	-0.1
0	0.1
0	-6.5
0	-3.8
6.783	-2.5
0	-6.3
0.133	-13.9
1.064	-10.6
9.443	-7
0.266	-5.3
0	-12.7
0	-17.5
0	-27
0	-16.4
0.798	-19.8
0	-18.9
1.596	-23.6
2.261	-10.5
0	-5.3
0	-10.4
0	-22.4
17.423	-14.1
9.31	-1.3
0.665	-9.6
1.862	-7.8
0.532	-11
0	-13.1
2.66	-11.2
0.399	-11.4
11.97	-5.8
5.719	-3.5
1.33	-0.5
0	-12
2.128	-9.3
6.251	0
0	-1.8
1.7391	0.5
0	-1.9
0	-5.3
0.931	-9.7
1.064	-6.6
2.527	-6.3
0.532	-7.2
0	-12
0	-17.2
0.133	-10.5
0.133	-18.3
0	-16.4
0	-13.8
2.66	-15.4
12.369	-6.3
0.665	-2.8
0	-11.5
16.625	-4.8
3.591	-7
9.443	-10.3
1.729	-7.2
0	-8.8
3.99	-14.6
0.266	-7.4
1.729	-8.2
0.266	-5.1
0.931	-5.2
0.133	-7.8
1.729	-8.8
1.064	-3.7
3.458	-2.2
0.532	-4.9
0	-6.4
0	-8.9
1.596	-4.2
0.931	-2.4
0.6324	2.5
0	-2.6
0	-4.8
0.532	-4.7
0	-2.9
0	-5.2
0	-6.6
0	-8.8
0	-5.3
0	-1.4
0	4
0.6324	0.2
2.527	-4.8
0	-6.5
4.522	-9.1
22.61	-2.4
5.2173	0.4
1.463	-2.9
0	-0.4
0	-4
0	-0.9
0	2.8
0.23715	2.1
1.4229	0.7
3.08295	2.5
1.02765	1.1
0.3162	1.6
0.07905	1.8
3.71535	3
0.55335	2.6
0	3.9
0.23715	3.3
0	4.9
0	5.3
1.7391	2.8
0	4.7
14.7033	2.3
0	2.7
0	1.6
0	2.6
0	3.3
0	0.5
0	0.5
0	2.7
0	5.6
0	3.7
0.3162	5.3
0	2.8
0.55335	2.7
0	6.4
0	7
0	9.1
0.1581	2.9
0	0.4
0	1.5
0	3.1
0	3.7
0	4.4
0	8.7
0	10.2
0	15.4
0	17.4
0.1581	15.4
0.55335	13.8
0	12.3
0	12.3
3.9525	11
15.5728	9.7
0	8.3
3.0039	7.8
1.4229	12
4.5849	11.4
0.9486	11.1
0.07905	9.5
0	11.1
9.3279	9.1
6.4821	5.9
0	8.3
0	10.1
0	12.2
0.86955	12.5
0	10.2
5.13825	12.3
2.0553	12.7
2.2134	10.7
10.7508	9.8
1.97625	10.2
1.2648	6.8
0	5.5
0.07905	7.5
0.4743	8.6
8.5374	9.1
1.1067	12.7
4.743	12.7
13.4385	13.8
1.34385	15.1
0	14.9
0.4743	16.7
8.6955	16.2
2.2134	19.4
2.60865	18.7
0	22.9
0	23
3.24105	14.4
1.34385	11.9
0	11.2
10.0393	12
2.3715	13.4
1.34385	12.3
0	12.8
3.08295	13.6
1.50195	13.4
0	13.5
0	14.8
0	16.1
10.1184	17.2
0	16.9
14.3871	16.5
8.30025	20
0.23715	17
5.0592	19
1.7391	22.4
2.45055	18.3
4.18965	19.3
4.50585	20.3
1.2648	20.4
0	16.8
0	13.1
0	13.1
0	16.3
0	17.5
0	18.7
0	19
0	17.2
0	16.6
0	12.6
0	12.3
0	13.8
0	14.6
0.3162	14.4
7.4307	13.1
0.23715	12.4
6.0078	10.7
2.76675	10.9
0	12.1
2.29245	11.8
0.39525	12.9
0.07905	11.6
0	11.4
1.97625	11.9
2.29245	11.9
2.60865	12.5
5.92875	11.7
0	10.2
0	10.4
1.97625	12
0	12
0	11.6
0	9.9
0	11.4
0	14.4
0	14
0	13.2
0.39525	13.5
0.3162	13.6
0	10.7
3.6363	8.8
0	8.9
0	5.7
0	3.4
0	2.5
0.07905	4.9
10.3555	7.2
0	10.1
0.3162	9.9
0	8.1
0	7.5
1.02765	6.2
0	3.7
0	5.5
0	6.8
0	9.6
0	10.3
0	9.6
0	4.8
0	7
0	8.4
0	9.5
0	9
0	6.9
0	5.1
0	4.7
1.8972	7.8
3.24105	8.6
0.1581	10.7
0	10.1
3.39915	8.1
0	9.8
0.23715	10
3.162	9.5
1.02765	10.4
0.1581	10.8
0	9.4
0	10.5
0.7905	7.6
0	6.2
2.13435	5.5
7.905	7.5
0	6.5
1.18575	2.4
0	6.3
0	8
1.34385	8.2
0.1581	8.2
0.4743	8
5.77065	6
6.24495	6.9
0.4743	1.4
15.4147	4
9.56505	3.6
9.56505	0.4
0	-0.2
0	-3.7
0.133	-6.1
0	-7.3
13.167	-3.8
2.793	-1
4.9011	0.1
0	-1.9
6.71925	1.1
7.7469	4.4
9.40695	3.8
0.07905	2.3
1.2648	2.7
6.4821	4.2
0.55335	4.6
1.97625	1.4
1.97625	2.5
1.02765	3.3
2.6877	2.6
3.3201	2.3
0.266	-0.2
0.266	-2.5
0	-2.6
0	-4.2
0	-6.4
0	-10.8
0	-13
2.261	-5.4
2.2134	0.4
0.4743	0.8
6.384	0
0.266	-0.2
3.059	-0.4
0	-3.6
1.729	-2.3
4.389	-1.6
22.477	-2
3.325	-2.6
0	-5.7
4.522	-2.8
1.97625	3
1.1067	3.3
0	0.6
0	-7.7
7.847	-6.7
4.921	-4
0	0.8
0.532	-2.4
1.463	-0.5
0	0
0	-0.3
3.325	-2
0	-5.6
0	-14.4
0	-14.2
0.532	-11.2
0	-4.1
0	-7.8
0	-15.7
0	-20.8
0	-21
9.975	-20.6
1.729	-11.8
11.438	-12.8
3.724	-8.9
1.463	-18
4.788	-7.2
1.463	-3.3
0	-5.1
0	-4.9
0.931	-5.2
0	-4.6
0.532	-5.4
3.724	-6.1
9.709	-8.6
3.591	-5.7
0	-5.9
0	-12.5
0	-10.9
0.133	-1.7
0	0.1
0	-1.6
0.133	-9.5
0	-4.2
0	-2.7
0	-12.2
1.463	-12.7
1.862	-4.9
0.266	-7.1
3.99	-11.9
3.857	-6.2
1.463	-0.7
0.399	-0.6
6.118	-3
0.399	-6.4
1.995	-11.7
0	-12.5
0	-17.7
0	-20.1
0	-22.3
2.261	-20.4
2.527	-17.2
6.384	-16.6
3.591	-14.4
3.857	-4.3
0	-15.6
0	-14.2
5.985	-6.6
5.453	-5.1
4.522	-5.9
0	0
0	-1.7
0	-6.5
3.591	-2.4
0	-2.5
0	-5.4
3.192	-7
0	-15.1
0	-22.7
0	-22.8
0	-21.1
0	-20.9
0.665	-17.6
0	-17.9
0.399	-18.7
0	-20.5
0.931	-19
9.842	-11.9
7.315	-13.3
0	-9.4
0	-16.3
0	-9.7
5.187	-13.8
1.596	-4.8
1.33	-2.8
1.862	-4.8
0	-4.6
1.463	-4.5
7.714	-5.7
0	-6.2
0	-10.2
0	-12.8
0	-11.5
0	-11.1
0	-10.9
0	-14.7
0	-13
0	-9.1
0	-8.2
0	-10
0	-10
0	-14.9
0	-11.9
0	-6.2
4.389	-2.2
2.66	-1.2
0	-3.7
0.39525	0.8
13.699	-1.8
2.793	-6.8
0	-1
3.08295	3
2.2134	1.6
9.40695	2.3
7.7469	1.9
0.266	-0.3
0.133	-1.6
0	-4
0	-5.3
0.133	-5.6
12.236	-4.9
1.064	-1.8
0.133	-1.7
5.453	-1.5
1.34385	1.3
0	0
0	1
0	2.2
0	4.7
0.1581	4.4
1.34385	6.4
7.7469	3.9
3.4782	6.2
3.87345	7.8
0	5.3
0.1581	3.5
0	4.9
0	6.3
0	6.5
0	5.1
0	6.1
0	5.8
0	6.8
0	11.4
0	9.8
0	6.2
0	3.6
3.4782	5.6
0	7.3
0	7.1
0	6.4
0.07905	7.1
2.3715	10.6
2.6877	5.6
14.7033	6.1
0.39525	3.2
0	3.3
3.0039	2.2
1.34385	3.2
0.23715	2.7
0	2.1
0	3.2
3.39915	1.6
0	1.9
0	2.1
0	5.1
0	8.2
0	11.1
0	13.9
2.6877	12.2
15.5728	9.9
0.07905	6.3
0	12.7
0	13.9
3.08295	13.2
7.19355	12.8
5.8497	12.3
6.324	9.2
5.61255	11.6
0.9486	13.4
0	16.3
2.76675	15.1
11.3832	13.7
1.7391	15.6
0	15.5
0	16.5
0	16.9
0	14.4
0	15.6
0	18.5
0	19.1
0	15.8
0	15.4
1.02765	16
0	16.8
2.76675	17.1
0.3162	15.8
0.4743	17
2.92485	16.6
0.23715	14.7
1.1067	17
1.02765	16.1
0	14.2
0	16.7
0	19
0	20.6
0	22
3.71535	19.4
2.92485	18.1
2.2134	16.1
2.8458	15.2
0.1581	15.4
0	17.3
12.4899	14.8
12.0947	17.2
0.23715	21.9
0	17.7
0	14.7
0	12.3
0	11.6
0	14.6
0.7905	16.6
4.5849	16.4
0	16.2
0.07905	12.6
5.8497	12.1
10.4346	14.8
0	11.9
1.1067	10.1
0	9.3
0	9.8
0.39525	12.9
3.08295	12.5
5.3754	14.6
2.92485	13.3
8.61645	13.5
3.0039	14.2
3.6363	15.3
1.66005	14
1.34385	13.2
0.55335	11.9
3.24105	11.9
0.39525	13
0	14.4
0.39525	16.6
0	14.6
0	11.3
0	10
0	10.7
0	12.1
0	15.1
0	12.8
0	11.4
0	10.4
0	11
0.23715	12
0	11.1
0	11
0	11.1
0	11.5
0	11.3
0.55335	10.2
5.3754	9.2
12.0156	11.3
4.2687	12.2
0	12.8
1.18575	13
2.29245	14.1
0	14.4
2.0553	13.2
0	11.8
1.34385	13.1
4.03155	11.7
4.1106	12.2
0	11.6
0	9.1
0	9.1
0	9.6
0	11.8
0	11.8
2.92485	9.8
0	2.8
0.3162	0.7
0	4.8
0	1.1
2.0553	1.2
0.532	-0.3
0	1.9
0	-0.2
11.837	-0.1
1.18575	4.3
0.6324	4.1
0	2.9
0	3.8
0	1.8
2.5296	0.6
2.76675	4.3
0.86955	6.6
0	4
0.9486	2.6
0.86955	3.3
0.71145	5.4
0	5.1
0.6324	7
0.71145	6.8
3.6363	1.3
0.23715	2.9
0	2.4
1.18575	0.5
3.0039	1.4
0	-3
0	-4.2
0	-3.5
0	-0.4
0	2.7
14.3871	6.1
0.23715	2
0.399	-1.1
0	-5.1
1.064	-5.5
0	-3.9
0	-4.9
0.71145	1.7
0.3162	0.7
0	-7.6
7.98	-9.8
5.054	-5
0	-15.3
2.394	-11.9
4.921	-9.8
0	1.1
0	-4
1.729	-14.9
4.522	-16.9
8.778	-8.6
1.862	-10
0.266	-5.1
0	-8.4
0.266	-14.1
0.532	-6.1
9.709	-0.9
1.995	-7.7
0	-8.1
0	-5.5
0.266	-4.2
0.532	-3.3
0.133	-1
1.596	0
0.133	-1.8
0	-3.1
0.133	-5.1
1.862	-3.5
2.926	-0.5
0.399	-1.3
0	-10.3
0	-13.2
2.926	-8.1
2.66	-4.6
0	-3.5
0	-10
0	-3.9
0	-3.5
0	-2.7
0	-6.5
0	-7.6
0	-7.9
0	-8.9
4.522	-17.7
0	-16
0.266	-26
0	-28.5
0	-31.3
0	-27.5
1.463	-20.3
0	-13.9
0	-16.5
1.197	-15.4
0.266	-19.3
0	-20.1
0	-21.3
0.133	-27.1
0.133	-23.3
6.384	-22.1
0.399	-3.7
1.463	-7.4
0	-2.8
1.197	-13.2
5.852	-11.7
0	-1.5
0	-1.9
0.07905	1.9
0	3.6
2.394	-0.1
2.261	-3.2
3.0039	1.1
4.921	-8
0	-2.4
0.133	-7.7
11.97	-10.4
2.926	-9.7
0.133	-19.9
0	-26.5
1.197	-31.2
2.527	-18
0.266	-25.8
3.591	-18.9
0	-17.1
0.133	-18
0	-18.6
0	-21.4
0	-19.6
0.798	-23.7
0	-21.7
7.315	-17.2
0.798	-7.8
9.443	-0.6
0.266	-1.8
11.704	-4.1
2.66	-5.9
3.192	-8.1
2.66	-3.1
2.926	-0.4
5.187	-3.7
1.197	-6.5
0.532	-8.8
0.798	-11.8
0.665	-2.4
0	-0.2
0	-0.7
3.192	-7.3
0.931	-4.8
0	-18.6
0.266	-23.5
12.768	-9
9.975	-6.5
2.926	-5.1
0	-8.8
1.064	-7.6
3.724	-4.2
2.394	-5.2
0	-8.5
0.266	-15.4
0	-16.4
3.99	-13.5
3.724	-7.7
0	-11.6
0	-10.8
0	-12.4
0.399	-12.6
0	-9.8
0	-14.1
0	-15.7
0	-12.7
0	-13.2
0	-4.2
0	-7.1
0	-3.7
8.512	-1.9
8.61645	0.6
0	3.3
0	2
0	-0.4
0	-4.8
0	-5
6.251	-3.6
0	-0.7
0.399	-0.2
0.1581	1.2
0	2.5
0	0.4
0	-1.1
0	-3.9
0.399	-3.4
0	0.5
0	-1.8
0	-2.9
0	-0.1
0	1.7
0	1.5
0	2.4
0	1.2
0	3.7
0	3.6
3.39915	3.9
0	0.4
0	-1.1
0	-1.2
0	-1
0.399	-2.4
0.133	0
0	2.3
0	3.6
0	5.9
2.13435	5.8
0	5
0	7
0.07905	8.8
0	11.4
3.3201	10.5
0.6324	6.7
0.07905	6.7
0	8.4
0	10.2
0.86955	7.4
0	9
0	7.3
0	6
0	5.5
0	10.2
0	6.3
0	4.3
0	6.5
0	10.5
1.02765	10.6
0	10
1.02765	11.5
25.1379	6.3
0.86955	2.8
0	2.3
0	2.9
0	6.1
0	8.5
0.71145	6.7
0	7.4
0	3.7
0	6.7
0	10.9
0	11.5
0	14.7
0	16.1
0	17.1
0	16
0	16.1
0	16.5
0.07905	15.6
0	16.4
0.07905	16.1
6.6402	16.9
0	17.2
2.6877	17.1
0	16.8
0	18.7
0	19.3
0	20
0	16.5
0.55335	10.4
0	14.7
0	15.6
0	14.8
1.8972	14.9
14.9404	13.4
0	15.3
0	14.2
0	11.9
6.0078	11.9
0	10.7
0	9.7
0	12.6
0	14.8
7.82595	13.6
2.76675	13.2
4.4268	13.4
4.4268	13.2
2.45055	14.7
9.486	13.9
10.5137	16
8.2212	19.9
0.71145	16.5
0	15.4
0	15.5
0	15.2
0	18.1
0	21.3
14.229	20.3
6.9564	16.9
1.7391	15.9
0	17
2.76675	17.5
0.6324	17.9
3.7944	16.8
0.39525	17.1
0	17.2
0.23715	17.4
0.1581	16.5
6.324	15.1
4.03155	17
0	17.6
5.92875	16.4
0	16
0	17.3
0.3162	19.1
0	14.9
2.13435	13.4
0.55335	14.3
0.55335	12.7
0	11.6
0	10.3
0	10.7
0	12.5
0.3162	14.2
0	14.5
0.39525	16.5
1.50195	16.1
0.23715	16.4
0	13.8
0.39525	16.3
8.30025	15.7
0	16.4
0	14.6
0	15.1
0	17.2
0	19.6
0	14
0	14.4
0	16.9
0	18.3
0	14.9
1.2648	16
0	16.8
0	15.3
0	15.5
0.07905	11.3
8.3793	13.9
1.34385	12
0	12.2
1.34385	9.7
0	13
1.81815	10
0.55335	13.4
0.7905	14.5
1.18575	11
0	7.6
0	8.6
0	7.8
0	10.2
0	10.4
7.2726	10.1
0	7.4
0	3.7
3.24105	5.5
0	7
0.1581	3.6
0	1.3
0	0.8
0.07905	1.4
0.07905	2.3
0	0.9
5.45445	1.9
0	0.8
0	0.9
0.1581	2.7
2.60865	4.9
0	4.5
0	0.7
0	0.4
0	-0.2
0	0
0	-1
0	-0.1
0	0.9
0	0.8
0.9486	1.9
0.1581	1.8
0.3162	1.8
0.07905	2.6
0	1.3
0.798	-0.2
0.133	-0.2
0.133	-1.3
1.995	-3.7
0	-10.7
0	-11.3
1.596	-8.8
2.926	-4.5
0.266	-5.1
0.399	-7
0	-9.2
2.128	-6.2
4.655	-0.7
0	1.9
1.596	-1.4
3.99	-0.8
5.852	-2.1
0.399	-3.2
0	-12.4
0	-15.8
0	-17.8
0.133	-13
0.665	-7.1
0	-5
0	-3.1
0	-5.7
0	-14.4
0	-11.4
0	-7.6
0.266	-11.8
5.852	-5.6
0.266	-3.8
0.931	-7.3
0.133	-6.6
1.862	-7.6
3.724	-6.2
3.591	-5.2
0	-8.7
0	-11
0	-14.7
0.399	-8.9
0.266	-6
0.399	-13.3
2.66	-12.3
0.133	-6.4
1.197	-5.2
0	-17.5
0	-25.2
0	-24.9
0.665	-15.8
0.399	-15.7
0.133	-12
0	-10
0.532	-11.1
0.532	-10.9
0.532	-11.7
0.665	-10.6
0	-14
2.66	-9.6
0	-2
0.399	-4.6
0	-7.1
0.133	-6.3
0.399	-10.1
0.266	-5.3
0.665	-6
6.384	-7.2
0	-10.5
13.566	-14.7
6.783	-12.4
0	-16.6
0	-16.6
0.133	-24.2
0.532	-17.9
0	-13.2
0	-22.2
0	-27
0	-29.8
0.133	-27.1
0.532	-28.8
