Simojoki
ForOrg,ForMin,Grass,Peatland
ForOrg,ForMin,Grass,Peatland
0.01	0.01	0.01	0.01	
0.1	0.1	0.1	0.1	
0.1	0.1	0.1	0.1	
0.1	0.1	0.1	0.1	
0.1	0.1	0.1	0.1	
0.1	0.1	0.1	0.1	
0.5	0.5	0.5	0.5	
1000	500	500	1000	
0.5	0.5	0.5	0.5	
300	300	300	300	
1/1/1990
4748
0.001	0.0015	0.003	0.003	
0.0003	0.0008	0.001	0.0003	
0.1	0.5	0.01	0.8	
30	90	250	80	
0	0	5	0	
0.004	0.001	0.15	0.004	
5e-08	1e-07	5e-08	5e-08	
0.2	0.1	0.2	0.2	
0	0	12	0	
0.1	0.5	0.01	0.8	
130	130	150	20	
160	160	100	260	
1	1	155	1	
365	365	10	365	
100	100	100	100	
4.5	4.5	4.5	0	
9999	9999	9999	9999	
9999	9999	9999	9999	
9999	9999	9999	9999	
9999	9999	9999	9999	
9999	9999	9999	9999	
9999	9999	9999	9999	
3.51841	5	5	3.51841	
0	0	0	0	
3.94676	54.426	54	3.94676	
2.94618	1.30828	1.3	2.94618	
0.3	0.3	0.3	0.3	
-0.025	-0.025	-0.025	-0.025	
0.3	0.3	0.3	0.3	
6.6	6.6	6.6	6.6	
0.465948	0.66	0.66	0.465948	
0.0502238	0.1	0.1	0.0502238	
2	2	2	2	
30	30	30	30	
2	2	2	2	
30	30	30	30	
2	2	2	2	
30	30	30	30	
2	2	2	2	
30	30	30	30	
2	2	2	2	
30	30	30	30	
2	2	2	2	
30	30	30	30	
0.02	0.13	0.13	0.03	
0.4	0.32	0.32	0.42	
325	920	1000	325	
0	0	0	0	
0.33	0.33	0.33	0.33	
0.5	0.9	0.9	0.55	
0.8	1	1.3	0.8	
0	-5	-3.5	1	
0	0	0	0	
-4	-3	-2.5	-4	
50	50	54	40	
0.1	0.1	0.1	0.1	
0	0	0.9	0	
0	0	0	0	
0.185	0.185	0.19	0.185	
0.383641	0.481889	0.5	0.383641	
11.5703	99.4373	99	11.5703	
-0.3185	-0.89335	-0.9	-0.3185	
177.694	200	200	177.694	
7.64457	6.50119	6.6	7.64457	
3.88646	145.042	145	3.88646	
1.4	1.4	1.4	1.4	
10
0.1
0.1
0.5
0
9
Simojarvi_05
Simojarvi_05
630
27.2	52.7	1.9	18.2	
0.05	0.02	3.08482	0.5	97.8323	0.0003	0.1	0.005	9999	0.0001	0.4	0.002	0.88459	0.965416	-1.29615	0.656867	0	0	
2	1.2	1	1.5	
37900	5	0.7	0.8	0.9	
0	0	0	0	0
66	0	0.349	0.371	100	0.02	0.0005	0.01	0.03	0	
Simojoki_upp04
Simojoki_upp04
446
29.8	39.4	0.9	29.9	
0.08	0.02	6.83013	0.5	58.494	0.0003	0.1	0.005	9999	0.0001	0.4	0.002	1.16465	0.869758	0.253859	1.3323	0	0	
2	1.2	1	1.5	
47200	2.71	0.7	0.8	0.9	
0	0	0	0	0
66	0	0.349	0.371	20	0.02	0.0005	0.01	0.03	0	
Kamajoki09
Kamajoki09
147
33.2	47	0.7	19.1	
0.3	0.02	2.19615	0.5	14.4569	0.0003	0.1	0.005	9999	0.0001	0.4	0.002	0.871996	1.15087	0.564194	1.04336	0	0	
2	1.2	1	1.5	
11700	2.71	0.7	0.8	0.9	
0	0	0	0	0
66	0	0.349	0.371	20	0.02	0.0005	0.01	0.03	0	
Ruonajoki08
Ruonajoki08
201
30.4	44.4	0.9	24.4	
0.14	0.02	6.97675	0.5	17.9225	0.0003	0.1	0.005	9999	0.0001	0.4	0.002	0.913538	0.877217	0.851919	1.16117	0	0	
2	1.2	1	1.5	
38500	2.71	0.7	0.8	0.9	
0	0	0	0	0
66	0	0.349	0.371	20	0.02	0.0005	0.01	0.03	0	
Portimojarvi03
Portimojarvi03
557
32.8	45.2	2.8	19.2	
0.35	0.02	12.2954	0.5	13.6328	0.0003	0.1	0.005	9999	0.0001	0.4	0.002	1.1857	1.14182	-0.469605	0.289298	0	0	
2	1.2	1	1.5	
12700	2.71	0.7	0.8	0.9	
0.02	0.09	0.01	0	1
66	0	0.349	0.371	100	0.02	0.0005	0.01	0.03	0.2	
Iso-Tainijoki07
Iso-Tainijoki07
245
30.7	37.6	0.2	31.5	
0.3	0.02	11.1513	0.5	43.2595	0.0003	0.1	0.005	9999	0.0001	0.4	0.002	1.1043	1.12997	0.0394197	-0.961095	0	0	
2	1.2	1	1.5	
28100	2.71	0.7	0.8	0.9	
0.08	0.49	0.046	0	1
66	0	0.349	0.371	50	0.02	0.0005	0.01	0.03	1.06	
Simojoki_mid02
Simojoki_mid02
375
37.4	35.8	2.7	24.1	
0.3	0.02	11.7421	0.5	26.8007	0.0003	0.1	0.005	9999	0.0001	0.4	0.002	0.913427	0.849322	-0.202665	0.113127	0	0	
2	1.2	1	1.5	
7400	2.71	0.7	0.8	0.9	
0.04	0.27	0.098	0	1
66	0	0.349	0.371	100	0.02	0.0005	0.01	0.03	0.58	
Kuivasjoki06
Kuivasjoki06
147
37.2	34.4	0	28.8	
0.3	0.02	4.30953	0.5	59.4042	0.0003	0.1	0.005	9999	0.0001	0.4	0.002	1.11289	1.08699	0.863132	0.561093	0	0	
2	1.2	1	1.5	
2600	2.71	0.7	0.8	0.9	
0.06	0.35	0.027	0	1
66	0	0.349	0.371	100	0.02	0.0005	0.01	0.03	0.76	
Simojoki_low01
Simojoki_low01
412
34.4	38.1	2.4	25.2	
0.15	0.02	2.3506	0.5	80.6994	0.0003	0.1	0.005	9999	0.0001	0.4	0.002	0.954509	0.913651	-0.101436	0.963988	0	0	
2	1.2	1	1.5	
35900	2.71	0.7	0.8	0.9	
0.09	0.52	0.025	0	1
66	0	0.349	0.371	100	0.02	0.0005	0.01	0.03	1.12	
