F1
Till,Peat
Forest_on_Till,Forest_On_Peat
0.01	0.01	
0.1	0.1	
0.1	0.1	
0.1	0.1	
0.1	0.1	
0.1	0.1	
0.5	0.5	
1500	1500	
0.5	0.5	
200	200	
1/1/2000
7671
0.125	0.125	
0.2	0.2	
0.8	1.5	
80	90	
0	0	
0.6	0.6	
2e-06	2e-06	
0.2	0.2	
0	0	
0.4	0.4	
90	90	
200	200	
1	1	
365	365	
100	100	
4.5	4.5	
9999	9999	
9999	9999	
9999	9999	
9999	9999	
1e-05	1e-05	
9999	9999	
3.51841	5	
0	0	
0	0	
6	6	
0.3	0.3	
-0.025	-0.025	
0.3	0.3	
6.6	6.6	
0.5	0.5	
0.5	0.5	
2	2	
30	30	
2	2	
30	30	
2	2	
30	30	
2	2	
30	30	
2	2	
30	30	
2	2	
30	30	
0.5	0.5	
0.99	0.99	
4000	4000	
0	0	
0.8	0.8	
1	1	
1	1	
3.5	3.5	
0	0	
4	4	
140	140	
0	0	
1.5	1.5	
0	0	
0.004	0.004	
0.3	0.3	
80	80	
-1	-1	
5	5	
2	2	
1.5	1.5	
4	4	
0.001
0.1
0.1
0.5
0
1
F1
F1
0.037
0	100	
0.4	0.075	3	0.66	200	0.0006	0.1	0.005	0.00015	0.0008	0.4	0.1	1	1	0	0	0	0	
0	0	0	0	
1000	4	0.9	0.1	0	
0	0	0	0	0
58	12	4	0.8	1	0.2	0.02	0	0	0	
