F1
Till,Peat
Forest_on_Till,Forest_On_Peat
0.001	0.001	
0.001	0.001	
0.1	0.1	
0.1	0.1	
0.1	0.1	
0.1	0.1	
0.5	0.5	
1000	500	
0.5	0.5	
20	20	
1/1/2000
7671
0.04	0.04	
0	0	
0.8	1.5	
80	90	
0	0	
0.2	0.2	
0	0	
0	0	
0	0	
0.4	0.4	
90	90	
200	200	
1	1	
365	365	
100	100	
4.5	4.5	
9999	9999	
9999	9999	
9999	9999	
9999	9999	
9999	9999	
9999	9999	
3.51841	5	
0	0	
0	0	
3	3	
0.3	0.3	
-0.025	-0.025	
0.3	0.3	
6.6	6.6	
0.5	0.5	
0.5	0.5	
2	2	
30	30	
2	2	
30	30	
2	2	
30	30	
2	2	
30	30	
2	2	
30	30	
2	2	
30	30	
0.0001	0.0001	
0.3	0.3	
2000	2000	
0	0	
0.7	0.7	
1	1	
1	1	
1.25	1.25	
0	0	
-2	-2	
50	50	
0	0	
0	0	
0	0	
0	0	
0.15	0.15	
60	60	
-3	-3	
1	1	
1	1	
0.25	0.25	
1.75	1.75	
0.001
0.1
0.1
0.5
0
1
F1
F1
0.037
0	100	
0.05	0	0.5	0.3	20	0.0001	0.1	0.005	5e-05	0.0004	0.4	0.03	1	1	0	0	0	0	
0	0	0	0	
300	1	0.25	0.1	0	
0	0	0	0	0
58	12	1	0.2	1	0.05	0.003	0	0	0	
